28.57142857142857
28.57142857142857
29.017857142857146
44.19642857142857
64.73214285714286
70.53571428571429
75.44642857142857
74.55357142857143
76.78571428571429
77.67857142857143
79.46428571428571
79.46428571428571
79.91071428571429
80.35714285714286
79.91071428571429
79.46428571428571
79.91071428571429
79.46428571428571
80.80357142857143
79.91071428571429
79.46428571428571
82.14285714285714
80.35714285714286
81.25
81.25
81.25
81.25
81.69642857142857
81.69642857142857
81.69642857142857
81.69642857142857
81.69642857142857
81.69642857142857
81.69642857142857
81.69642857142857
81.69642857142857
81.69642857142857
81.69642857142857
81.25
81.25
80.80357142857143
80.80357142857143
80.80357142857143
80.80357142857143
81.25
80.80357142857143
80.80357142857143
80.80357142857143
80.80357142857143
80.80357142857143
80.80357142857143
80.35714285714286
80.35714285714286
80.35714285714286
79.91071428571429
80.80357142857143
80.80357142857143
80.35714285714286
80.80357142857143
80.80357142857143
80.80357142857143
80.80357142857143
80.35714285714286
80.35714285714286
80.35714285714286
80.80357142857143
81.25
80.80357142857143
80.35714285714286
80.80357142857143
80.80357142857143
79.91071428571429
81.25
80.35714285714286
79.91071428571429
80.35714285714286
79.91071428571429
81.25
80.35714285714286
80.35714285714286
80.35714285714286
79.91071428571429
80.35714285714286
80.80357142857143
80.35714285714286
79.91071428571429
80.80357142857143
79.46428571428571
80.35714285714286
80.80357142857143
80.35714285714286
79.91071428571429
80.80357142857143
80.35714285714286
80.80357142857143
80.80357142857143
81.25
80.80357142857143
80.35714285714286
80.35714285714286
80.35714285714286
79.91071428571429
80.80357142857143
79.91071428571429
80.35714285714286
80.80357142857143
80.35714285714286
80.35714285714286
80.80357142857143
79.91071428571429
79.91071428571429
81.25
80.35714285714286
81.25
80.80357142857143
81.25
80.80357142857143
81.25
80.80357142857143
80.80357142857143
81.69642857142857
82.14285714285714
80.80357142857143
80.35714285714286
80.80357142857143
81.25
81.25
81.25
81.69642857142857
81.25
81.25
82.14285714285714
81.25
81.25
81.69642857142857
80.80357142857143
81.25
81.25
80.80357142857143
81.69642857142857
80.80357142857143
81.25
81.25
81.69642857142857
81.69642857142857
81.69642857142857
80.80357142857143
81.69642857142857
81.69642857142857
81.25
81.69642857142857
80.80357142857143
81.69642857142857
81.69642857142857
81.69642857142857
81.25
81.25
82.14285714285714
81.69642857142857
81.69642857142857
82.58928571428571
82.14285714285714
82.14285714285714
82.14285714285714
81.69642857142857
82.14285714285714
82.58928571428571
82.14285714285714
81.69642857142857
82.14285714285714
83.03571428571429
82.14285714285714
82.58928571428571
82.58928571428571
82.58928571428571
82.58928571428571
82.58928571428571
82.58928571428571
82.58928571428571
82.14285714285714
82.14285714285714
82.14285714285714
82.14285714285714
82.58928571428571
82.58928571428571
82.58928571428571
82.58928571428571
82.58928571428571
82.58928571428571
82.58928571428571
82.14285714285714
82.14285714285714
82.14285714285714
82.14285714285714
82.58928571428571
82.58928571428571
81.69642857142857
82.14285714285714
82.14285714285714
82.14285714285714