1.10420389516013
1.0964412825448173
1.0898577622004917
1.0805998972484043
1.071499456678118
1.0578048978533063
1.0394124678203038
1.0135528343064444
0.9828383002962385
0.944115081855229
0.9078571285520282
0.8532629251480103
0.8208253536905561
0.7789081931114197
0.7475087302071708
0.7257725477218628
0.7119949579238891
0.6927716238158089
0.6856308494295392
0.6865029096603393
0.6730922928878239
0.664179345539638
0.6696291710649218
0.6515677043369839
0.6567969185965402
0.6362381211348942
0.6438508033752441
0.6384601175785065
0.6640627469335284
0.6308572062424251
0.6055425584316254
0.6324769224439348
0.6307175167969294
0.622651492697852
0.627627147095544
0.6111442063535962
0.619680746112551
0.6246391807283674
0.6171423196792603
0.601266303232738
0.6111511928694588
0.6290398955345153
0.6183521049363273
0.6091848875795092
0.6204824626445771
0.6129995788846697
0.610490722315652
0.6219594717025757
0.6005990173135485
0.6090900983129229
0.598535212448665
0.6068612890584129
0.6263090746743338
0.6107629060745239
0.6105747648647853
0.5918764412403107
0.588206330367497
0.5995248675346374
0.6015651660306113
0.6124859835420337
0.6043952865259988
0.6134867693696703
0.5866791997637067
0.589682435137885
0.6000837990215846
0.5856775692531041
0.5978059308869498
0.5883740271840777
0.6021055357796805
0.5882229711328234
0.5823047322886331
0.5834444727216448
0.5666964309556144
0.5896429266248431
0.5800738138811928
0.5758109135287148
0.5828778505325317
0.5668280329023089
0.579596563747951
0.5665483619485583
0.571055280310767
0.5821076486791883
0.5698271581104823
0.5774447355951582
0.5676019081047603
0.563722037417548
0.5704380503722599
0.577749741928918
0.5761813427720751
0.5598007397992271
0.5677416750362941
0.5627830020018987
0.5681085484368461
0.5734447998659952
0.5732449037688119
0.5791073713983809
0.5683442558561053
0.5642734621252332
0.5461841685431345
0.5721027135849
0.5626166241509574
0.5556216793400901
0.5668135668550219
0.559135092156274
0.5678608707019261
0.5663828764642987
0.5709120426859174
0.5703365887914386
0.5686212769576482
0.5604852855205535
0.5701453498431615
0.5444537895066398
0.5638580109391894
0.5591078954083579
0.5573721366269248
0.5566149371010917
0.5583987942763737
0.5508243807724544
0.5476010373660496
0.5583496332168579
0.5534350514411926
0.5543947947876794
0.5579617917537689
0.5529064553124564
0.5387075790337154
0.5351854681968689
0.5451175740786961
0.5461095648152487
0.5549128540924617
0.541179335968835
0.5435210866587502
0.5500041007995605
0.53657973749297
0.5477649007524763
0.5309436057295118
0.5381892255374363
0.5306234385286058
0.5357329308986664
0.5548218718596867
0.5368349066802434
0.5285526479993548
0.5498406052589416
0.5482321083545685
0.542888333116259
0.5396720911775317
0.5414076132433755
0.530600619316101
0.5217779900346483
0.5338656544685364
0.5294683447905949
0.5284562221595219
0.5360985943249293
0.5324345886707306
0.5407738149166107
0.5495407913412367
0.5304039333547864
0.5287219422204154
0.539643463918141
0.5269991627761296
0.5283408667360033
0.5326316995280129
0.5242452485220773
0.5215881122010094
0.5180985936096736
0.5141871920653752
0.543536182812282
0.533954542023795
0.5347875007561275
0.5051259372915541
0.5169550001621246
0.5290316377367292
0.5278256722858974
0.503650632074901
0.5187281148774283
0.5092908799648285
0.532334093962397
0.5195308140345982
0.5243804846491132
0.5356456884316035
0.5297332491193499
0.5243260715688978
0.5082562676497868
0.5194046446255275
0.5075819577489581
0.5271469388689314
0.5173225734915052
0.5189646346228464
0.5233041891029903
0.5170535010950906
0.5130240951265608
0.5125415682792663
0.5086170741489955
0.5020224128450667
0.5116875648498536
0.5049773573875427
0.5089439673083169
0.5103400311299733
0.49888130596705843
0.5049255073070527
0.5298469466822487