1.1041801418576922
1.0963928188596452
1.0897231476647513
1.0803221906934466
1.0710211753845216
1.0571286303656442
1.0382082394191197
1.0119012713432312
0.9805256264550345
0.9413092579160418
0.9046765855380468
0.8494865996497017
0.8171566946165902
0.7751127294131688
0.7438746333122254
0.7228198443140302
0.7092005457196917
0.6901791197913033
0.6838200782026563
0.684770735672542
0.6712973756449563
0.6626493811607361
0.6689272233418055
0.6504898718425206
0.6557674297264644
0.6351665530885969
0.6422669512884958
0.6378103911876678
0.6627446523734501
0.6298859051295689
0.6047389720167432
0.6311787511621203
0.6299345561436245
0.621283610377993
0.6267597879682268
0.6102464846202306
0.6186046029840196
0.6229627745492118
0.6160876725401198
0.6005400810922895
0.6093581642423357
0.6279243741716657
0.6169464332716805
0.6083210008484977
0.6192100490842547
0.6113754953656878
0.6094588237149375
0.6206011942454747
0.5989008588450295
0.607910326548985
0.5970863725457872
0.6055765518120357
0.6254787385463715
0.6089476253305163
0.6087371604783195
0.5896784731319973
0.5864737612860543
0.5980504853384835
0.5996104010513851
0.6106681508677346
0.6026974473680768
0.6119444855621883
0.5841715063367571
0.5872852989605495
0.5984693552766528
0.5833516146455492
0.5965289524623326
0.5865148229258401
0.6000993439129421
0.5858968896525246
0.5793309756687709
0.5810408592224121
0.5643434498991285
0.5869134919984
0.577777589218957
0.5730993381568363
0.5806637048721314
0.564127094405038
0.5773512942450387
0.563865772315434
0.5682748292173658
0.5780652046203614
0.5672237651688712
0.5749538336481367
0.5643026232719421
0.5606136032513209
0.5675585018736976
0.5736432365008763
0.5735218499388014
0.5569555018629346
0.564339942591531
0.559131669146674
0.5641567485673087
0.5702271921294076
0.5689016733850751
0.5749255972249168
0.5638541647366115
0.5601766083921705
0.5419952750205994
0.5683074687208448
0.5583066982882363
0.5525412746838161
0.5628466878618513
0.5553290375641414
0.56274123106684
0.5612558330808367
0.5668369591236114
0.565856123822076
0.5650385388306209
0.5559811404773167
0.5651600454534803
0.5408560616629464
0.559198647737503
0.5540604846818107
0.5531441620418004
0.5516017700944628
0.5539892656462533
0.5433495232037135
0.5417965863432203
0.5528386967522757
0.5498071474688394
0.547767641714641
0.5529198059013911
0.5479370193822043
0.5335797335420336
0.5302384768213545
0.540367876631873
0.5403189974171775
0.5485611264194761
0.534491787637983
0.5364730358123779
0.5450366488524846
0.5298289801393237
0.5420058378151484
0.5238589644432068
0.5328527867794037
0.5246276872498649
0.5286552437714168
0.5494119226932526
0.5315446215016502
0.5227523037365505
0.5444399237632751
0.542234205348151
0.5370386813368117
0.5327799447945186
0.5363078355789185
0.524873697757721
0.5156845458916255
0.5278277150222234
0.5232859705175672
0.522240298986435
0.5276806993143899
0.5254675456455775
0.5329848323549543
0.5424634550298963
0.5239776862519128
0.5209930394377027
0.5326052929673876
0.519858501638685
0.5207609168120793
0.5251817311559405
0.516406980582646
0.5140411462102618
0.5096928315503256
0.506752746445792
0.5338738943849292
0.5266254459108625
0.5270123711654118
0.49640184215136934
0.5077486387320927
0.5206232462610517
0.5201340096337455
0.4956497754369463
0.5088247120380401
0.49857710940497263
0.5233659544161388
0.5120475666863578
0.5148907380444663
0.5250154861382076
0.5213765714849744
0.5145177517618452
0.49795829227992466
0.5094264132635934
0.499013295343944
0.5173898237092155
0.5082333820206778
0.5087197065353394
0.5160079726151058
0.5082622289657592
0.5033880387033735
0.5027298561164311
0.4998562433889934
0.4912072786263057
0.5025474160909653
0.49478153330939156
0.500419818503516
0.501664536339896
0.48813979285103937
0.49611656665802
0.5203721736158643