50.0
53.125
65.625
62.5
71.875
71.875
71.875
81.25
81.25
81.25
81.25
81.25
81.25
81.25
81.25
81.25
84.375
84.375
84.375
84.375
84.375
84.375
84.375
84.375
84.375
84.375
84.375
84.375
84.375
84.375
84.375
84.375
84.375
84.375
84.375
84.375
84.375
84.375
84.375
84.375
84.375
84.375
84.375
84.375
84.375
84.375
84.375
84.375
84.375
84.375
84.375
84.375
84.375
84.375
84.375
84.375
84.375
84.375
84.375
84.375
84.375
84.375
84.375
84.375
84.375
84.375
84.375
84.375
84.375
81.25
81.25
81.25
81.25
81.25
81.25
81.25
81.25
81.25
81.25
81.25
81.25
78.125
78.125
78.125
81.25
81.25
81.25
81.25
81.25
81.25
81.25
81.25
81.25
81.25
81.25
81.25
81.25
78.125
81.25
78.125