1.0992838889360428
1.082918107509613
1.067366123199463
1.052181452512741
1.037983551621437
1.0235359817743301
1.0097035467624664
0.9964908137917519
0.9841399490833282
0.9712671414017677
0.9591896533966064
0.9475913941860199
0.9361359775066376
0.9253977090120316
0.914922721683979
0.9044038504362106
0.8941132724285126
0.8845926746726036
0.8750980496406555
0.8660038933157921
0.8569621071219444
0.8482702076435089
0.8396763503551483
0.8315096348524094
0.8232580423355103
0.8155805021524429
0.8078450784087181
0.8002801239490509
0.7928895950317383
0.7857620194554329
0.7788211852312088
0.7718735635280609
0.7652919888496399
0.758565291762352
0.7522729560732841
0.7459188401699066
0.7396911010146141
0.7336664497852325
0.7277792096138
0.7220249250531197
0.7164708822965622
0.7106627970933914
0.7052478641271591
0.6999698951840401
0.6947320252656937
0.6894160509109497
0.6844804212450981
0.6794208288192749
0.6745653748512268
0.6697490811347961
0.6650853231549263
0.6605098322033882
0.6559746041893959
0.6514888480305672
0.6470846906304359
0.6427063643932343
0.638569638133049
0.6343679800629616
0.6301877275109291
0.6261835172772408
0.6224035322666168
0.6183796599507332
0.6145899742841721
0.6107552349567413
0.6071298345923424
0.603439211845398
0.5998876243829727
0.5962793827056885
0.5928639993071556
0.5893650501966476
0.5860103815793991
0.5827389657497406
0.5794359818100929
0.5762300491333008
0.5730898752808571
0.5699013993144035
0.5668547935783863
0.5637584328651428
0.5607825294137001
0.5578760132193565
0.554939903318882
0.5521103516221046
0.5492525026202202
0.546480156481266
0.543796069920063
0.5410393700003624
0.5382921062409878
0.535703495144844
0.5331360101699829
0.5305488556623459
0.5279748104512691
0.5254741758108139
0.5230574607849121
0.5206546038389206
0.5182468593120575
0.5158646181225777
0.5134768597781658
0.5112035982310772
0.5089063160121441
0.5066592209041119