28.57142857142857
28.57142857142857
28.57142857142857
36.607142857142854
56.25
66.96428571428571
72.32142857142857
75.44642857142857
75.44642857142857
75.44642857142857
78.57142857142857
78.125
80.35714285714286
79.91071428571429
80.35714285714286
79.46428571428571
79.91071428571429
79.46428571428571
79.46428571428571
79.91071428571429
79.01785714285714
80.80357142857143
79.46428571428571
79.91071428571429
80.80357142857143
81.25
80.80357142857143
80.35714285714286
80.80357142857143
81.25
81.25
81.25
81.25
81.25
81.25
81.25
81.25
81.69642857142857
80.80357142857143
81.25
80.35714285714286
80.35714285714286
80.80357142857143
80.80357142857143
80.80357142857143
80.35714285714286
80.35714285714286
80.35714285714286
80.35714285714286
80.35714285714286
81.25
80.35714285714286
80.80357142857143
80.35714285714286
80.80357142857143
80.35714285714286
80.80357142857143
80.35714285714286
80.35714285714286
80.80357142857143
80.80357142857143
80.80357142857143
80.80357142857143
80.80357142857143
80.35714285714286
80.35714285714286
80.80357142857143
80.35714285714286
80.35714285714286
80.35714285714286
79.91071428571429
80.35714285714286
80.35714285714286
80.35714285714286
80.35714285714286
80.35714285714286
79.91071428571429
80.35714285714286
80.35714285714286
80.35714285714286
80.35714285714286
79.91071428571429
80.80357142857143
80.35714285714286
80.35714285714286
80.35714285714286
79.91071428571429
80.35714285714286
80.80357142857143
81.25
80.80357142857143
80.35714285714286
80.35714285714286
80.35714285714286
81.25
81.25
80.80357142857143
80.35714285714286
80.80357142857143
80.80357142857143
80.80357142857143
80.80357142857143
80.80357142857143
80.80357142857143
80.80357142857143
80.80357142857143
80.80357142857143
80.35714285714286
80.80357142857143
80.80357142857143
80.80357142857143
80.35714285714286
80.80357142857143
80.80357142857143
80.80357142857143
80.35714285714286
80.35714285714286
80.35714285714286
80.35714285714286
80.80357142857143
80.35714285714286
80.35714285714286
80.80357142857143
80.80357142857143
80.80357142857143
80.80357142857143
80.80357142857143
80.80357142857143
80.80357142857143
80.35714285714286
80.80357142857143
80.80357142857143
80.80357142857143
82.14285714285714
82.14285714285714
80.80357142857143
81.25
80.80357142857143
80.80357142857143
81.69642857142857
81.25
81.69642857142857
81.25
81.25
81.69642857142857
81.25
81.25
81.25
81.25
81.25
81.25
81.69642857142857
81.69642857142857
81.69642857142857
82.14285714285714
82.14285714285714
81.69642857142857
82.14285714285714
81.25
81.25
82.14285714285714
81.25
81.25
81.69642857142857
81.69642857142857
82.58928571428571
81.25
81.69642857142857
81.25
81.69642857142857
81.25
81.69642857142857
82.14285714285714
81.69642857142857
82.14285714285714
81.69642857142857
82.14285714285714
82.58928571428571
82.14285714285714
82.14285714285714
82.14285714285714
82.14285714285714
82.14285714285714
82.58928571428571
82.14285714285714
82.14285714285714
82.14285714285714
82.58928571428571
82.58928571428571
82.14285714285714
82.14285714285714
83.03571428571429
82.14285714285714
81.69642857142857
82.14285714285714
82.14285714285714
82.58928571428571
83.03571428571429
82.58928571428571
82.14285714285714