1.1044051442827498
1.0972135305404662
1.091610312461853
1.083920976093837
1.0768411772591726
1.066301781790597
1.0530848605292185
1.0337635431970869
1.0111391816820416
0.9813045689037868
0.952305953843253
0.9056935855320521
0.8727973120553153
0.8302064061164856
0.7946492654936654
0.7651407718658447
0.7452848468508039
0.7223776970590864
0.7093446901866368
0.7073009576116289
0.6911577463150025
0.6810266069003514
0.6838611909321376
0.6658565981047494
0.6677799616541181
0.6498704050268446
0.6562174141407013
0.6486267805099487
0.6742341680186136
0.6406304572309767
0.6172249461923327
0.6424744129180908
0.6400170743465423
0.633348332132612
0.6361182119165149
0.6196714282035828
0.6292562169688088
0.6339622804096767
0.6263094765799386
0.6106036841869354
0.6212900706699916
0.6354322969913483
0.6281483147825514
0.619976087978908
0.6278311950819833
0.6224671764033182
0.6189710438251496
0.6326988705566952
0.60984274659838
0.6180100687912532
0.6093003221920559
0.6175799991403307
0.6351566289152418
0.6218919098377228
0.6215293943881989
0.6043825158051082
0.6013461359909602
0.6112716947283063
0.6117797391755241
0.6239184311458043
0.6138346093041557
0.6248699256352016
0.5988838936601366
0.6013064367430551
0.6109441510268621
0.5997348248958587
0.6083779207297734
0.6019759033407484
0.6130517763750893
0.6014379705701556
0.5982662175382887
0.5981966929776328
0.5835960950170245
0.6024105199745723
0.5930864759853908
0.5929031789302825
0.5979410060814448
0.5823631397315434
0.5952800810337067
0.5820861782346453
0.587562268120902
0.5992534739630563
0.5856282889842988
0.5944853220667158
0.5831856071949005
0.5802535380635943
0.5904009052685328
0.5958575427532196
0.591456698519843
0.5778719672134944
0.5861543067864009
0.5799087805407388
0.584229132107326
0.5908266237803868
0.5906722843647003
0.5971183853490012
0.5870971645627703
0.5861608019896916
0.5661614613873618
0.5907280113015856
0.582580406325204
0.5740121790340968
0.5858582471098218
0.5781467114176069
0.5901753664016723
0.5846348549638476
0.5895354603018079
0.591775700875691
0.5875641635486057
0.5814131907054356
0.5894228739397867
0.5649595516068595
0.5853626455579485
0.5804065772465297
0.5786666512489319
0.5776650837489536
0.5836753581251417
0.5765792429447174
0.574262717791966
0.5825658346925463
0.5748236392225538
0.5797021755150387
0.5816451413290841
0.5763869294098445
0.563101784672056
0.5615239518029349
0.570231922183718
0.5681861281394959
0.5777759756360735
0.5676390273230416
0.5703218289784022
0.5744854722704206
0.5619388886860439
0.5725983313151768
0.5563367136887142
0.5636096434933798
0.5574228780610221
0.5633827571358
0.5806271518979754
0.5621562378747123
0.554396436895643
0.5760152280330658
0.5728873712675912
0.5687142678669521
0.5670942647116525
0.5687289237976074
0.5567222935812813
0.5490615367889404
0.5626094494547162
0.559169453382492
0.5537775056702751
0.566697905744825
0.5591451287269592
0.5691328534058162
0.577255756514413
0.5590712027890342
0.5576037279197148
0.5685758335249764
0.5568709748131888
0.5589450836181641
0.5632949778011866
0.5517960931573596
0.5517412568841662
0.5510743745735713
0.5433657024587903
0.5742058200495583
0.5653314573424203
0.5617822817393712
0.5368058919906616
0.5505618359361376
0.5580016255378724
0.5608865967818669
0.5328782439231873
0.5530210035187858
0.5470055077757154
0.5673766221318927
0.5516882164137704
0.5605751557009561
0.5690875487668173
0.5574215880462101
0.559165415593556
0.5429453091961997
0.5530046113899776
0.5414876648357936
0.5605269074440002
0.5519359588623047
0.5558050777230944
0.5573623784950801
0.5547781126839774
0.5464221460478647
0.547069490807397
0.5403036943503788
0.5423416078090668
0.5470623842307499
0.5361248254776001
0.5426731935569218
0.5438126487391336
0.5369430950709752
0.5387413195201329
0.5635311663150787