28.57142857142857
28.57142857142857
31.25
47.32142857142857
67.85714285714286
70.98214285714286
74.55357142857143
74.55357142857143
75.0
78.125
79.46428571428571
80.35714285714286
80.35714285714286
80.35714285714286
79.91071428571429
79.46428571428571
79.91071428571429
79.91071428571429
79.46428571428571
79.91071428571429
80.80357142857143
81.25
80.35714285714286
80.80357142857143
80.80357142857143
80.35714285714286
81.25
81.25
80.80357142857143
80.80357142857143
80.80357142857143
80.80357142857143
80.80357142857143
80.80357142857143
81.25
80.80357142857143
80.80357142857143
81.25
80.80357142857143
80.35714285714286
81.25
80.35714285714286
80.80357142857143
80.80357142857143
81.25
80.80357142857143
80.80357142857143
80.80357142857143
80.80357142857143
80.80357142857143
80.80357142857143
80.80357142857143
80.80357142857143
80.80357142857143
80.35714285714286
80.35714285714286
80.80357142857143
80.80357142857143
80.80357142857143
80.80357142857143
80.80357142857143
80.80357142857143
80.80357142857143
80.80357142857143
80.80357142857143
80.35714285714286
80.80357142857143
80.80357142857143
80.35714285714286
80.80357142857143
80.80357142857143
80.35714285714286
80.35714285714286
80.35714285714286
80.35714285714286
80.35714285714286
80.35714285714286
80.80357142857143
80.35714285714286
80.35714285714286
80.35714285714286
80.80357142857143
80.80357142857143
80.35714285714286
80.80357142857143
80.80357142857143
80.80357142857143
80.80357142857143
80.80357142857143
80.80357142857143
80.80357142857143
80.80357142857143
80.80357142857143
80.80357142857143
80.80357142857143
80.80357142857143
80.80357142857143
80.80357142857143
80.80357142857143
80.80357142857143
80.80357142857143
80.80357142857143
80.80357142857143
80.80357142857143
80.80357142857143
80.80357142857143
81.25
80.80357142857143
80.80357142857143
80.80357142857143
80.80357142857143
81.25
80.80357142857143
81.25
81.25
81.69642857142857
81.25
81.25
81.25
81.25
81.69642857142857
81.69642857142857
81.69642857142857
81.69642857142857
81.69642857142857
81.69642857142857
81.25
81.69642857142857
82.14285714285714
81.69642857142857
81.69642857142857
82.14285714285714
81.69642857142857
81.69642857142857
82.14285714285714
82.14285714285714
82.14285714285714
81.69642857142857
82.14285714285714
83.03571428571429
82.14285714285714
82.14285714285714
82.14285714285714
82.14285714285714
82.58928571428571
81.69642857142857
81.69642857142857
82.14285714285714
81.69642857142857
81.69642857142857
81.69642857142857
82.14285714285714
82.58928571428571
82.58928571428571
82.58928571428571
82.58928571428571
82.58928571428571
83.03571428571429
82.14285714285714
82.58928571428571
82.58928571428571
83.03571428571429
82.58928571428571
82.58928571428571
83.03571428571429
82.58928571428571
82.58928571428571
83.03571428571429
83.03571428571429
83.03571428571429
82.58928571428571
82.58928571428571
82.58928571428571
82.58928571428571
83.03571428571429
82.58928571428571
82.58928571428571
83.03571428571429
83.03571428571429
83.03571428571429
83.03571428571429
83.03571428571429
83.03571428571429
83.48214285714286
83.03571428571429
83.03571428571429
83.03571428571429
82.58928571428571
83.03571428571429
83.03571428571429
83.03571428571429
83.48214285714286
83.03571428571429
83.48214285714286
83.48214285714286
83.03571428571429
83.03571428571429
83.48214285714286
83.92857142857143
83.48214285714286