1.104048149926322
1.0955167736325946
1.0884544100080218
1.0775192056383405
1.0675521407808577
1.0518732479640416
1.0308432170322963
1.0050318666866846
0.9734017201832362
0.933190563746861
0.8940305624689374
0.8454465389251709
0.8035235626356942
0.7643560937472752
0.7328381878989083
0.7026336141995021
0.6947717717715672
0.6674546582358224
0.6664978384971618
0.6562229233128684
0.6461505387510572
0.642839630161013
0.6403381560529982
0.6296860652310508
0.6234787762165069
0.6249375726495471
0.6191071646554129
0.61076249395098
0.6362360656261444
0.6159826372350965
0.5972361922264099
0.6148463479110173
0.6128342049462455
0.6116105513913291
0.5990725968565259
0.5951696489538465
0.6112601808139256
0.6034420575414385
0.598453745671681
0.586518965448652
0.6044597574642726
0.6082691431045533
0.599593951020922
0.6005556123597281
0.6094352296420507
0.5858598726136344
0.5884620845317841
0.5941631155354636
0.5838530659675598
0.5939162467207227
0.5864568786961691
0.5868801151003157
0.5988722230706897
0.5930289123739515
0.586228231872831
0.57990574325834
0.5782233774662018
0.5857352886881148
0.5871857617582593
0.5873870440891811
0.5816747052328927
0.5903697209698814
0.5817898963178907
0.583893096446991
0.5821571818419865
0.5803708400045122
0.5788914050374713
0.5832525840827397
0.5837429676737104
0.5807685102735247
0.5833360110010419
0.5822204623903547
0.5722182069505964
0.575536732162748
0.5679617592266628
0.5746711279664721
0.5712799165930067
0.5642100649220603
0.5724289340632303
0.5696305751800537
0.5710249372891018
0.568200261252267
0.5673920478139605
0.5575973655496325
0.5638453057834081
0.5646988979407719
0.5724931180477142
0.5769800662994384
0.5748832285404205
0.5594130175454276
0.5702766861234393
0.5633233947413309
0.5606599058423724
0.5642015959535326
0.5657645165920258
0.5746550066130501
0.5622849370752062
0.5746621378830501
0.553338211774826
0.5634658447333745
0.5662939131259919
0.5546480417251587
0.5557840483529227
0.5573000601359777
0.5501940292971474
0.5599459511893136
0.5647382097584861
0.563961034161704
0.5607433344636644
0.5567217707633972
0.5672838091850281
0.5377173032079424
0.5518499263695308
0.5597644788878304
0.5580158736024584
0.5526584582669395
0.561821140561785
0.5529535506452833
0.5545804619789123
0.5560678490570613
0.5494873498167311
0.5504806403602872
0.5501137759004321
0.5576961278915405
0.5449871250561306
0.5462506592273713
0.5470749258995056
0.5528103257928576
0.5560724420206887
0.5487878654684339
0.5425451108387538
0.5494421294757298
0.5351684314864023
0.5451420630727496
0.5373351744243077
0.5419918647834233
0.5325204423495702
0.5428314958299909
0.553802308014461
0.5468348554202489
0.5360706797667912
0.5503305145672389
0.5412015991551535
0.5452779608113425
0.5379637343542917
0.5483421649251665
0.5399909913539886
0.5250268271991185
0.5330895721912384
0.5342803086553302
0.5359384681497301
0.5421779862471989
0.5416068187781743
0.5446232548781804
0.5404111691883632
0.5415086337498256
0.533217934199742
0.5432369947433472
0.5421511173248291
0.5424949773720332
0.5337425095694406
0.5284711403506143
0.5275234239442008
0.5408386077199664
0.5265248307159969
0.5459121976579938
0.5392396645886558
0.5359993040561676
0.5241480086530957
0.525665944814682
0.5378973407404763
0.5443629315921239
0.5239369077341897
0.5255914960588728
0.5210687373365674
0.5350267657211849
0.5324949485915048
0.5349532570157732
0.537103921175003
0.5258610742432731
0.5321737459727696
0.52323152082307
0.5294383551393237
0.5187855269227709
0.5302191436290741
0.5282754710742406
0.5281288981437683
0.5328601138932364
0.5225008010864258
0.5317458501883916
0.5239178214754378
0.5298957254205431
0.5203335651329586
0.5223586857318878
0.5136581863675799
0.5256707949297769
0.5229555589812143
0.5226587448801313
0.5276303563799177
0.5411907519612994