1.1041727951594762
1.0963689531598773
1.0896639176777432
1.0802023240498133
1.0708058834075929
1.0568059444427491
1.0377307653427124
1.0111051610537938
0.9792885269437518
0.939593483720507
0.9028532232557024
0.8474652188164847
0.8151563048362732
0.7731806601796831
0.7420162286077226
0.7213016765458243
0.7078884976250784
0.6889923402241298
0.6828552118369511
0.6838970610073635
0.670233713729041
0.6621210421834673
0.6683987728187016
0.6498878215040479
0.6553237293447767
0.634384092262813
0.6415710040501186
0.637584787607193
0.6621369404452188
0.629349000113351
0.6045153949941907
0.6305634387901851
0.6291922347886222
0.6204592755862645
0.6265231328351157
0.6095524609088898
0.6173532954284123
0.62208383168493
0.6160923276628767
0.5994678488799504
0.6080915093421936
0.6272741019725799
0.6161392646176475
0.6075605426515852
0.6187001177242824
0.6103216350078583
0.6090564923627036
0.61957095180239
0.597811096055167
0.6073712936469486
0.5962432937962668
0.604032255922045
0.6252724077020373
0.6064086386135646
0.6077117587838854
0.5887780828135354
0.5849091470241546
0.5964553577559335
0.5982030877045222
0.6097153978688377
0.6012885783399854
0.6109681078365871
0.5831419740404401
0.586013308593205
0.5967393236500876
0.5819014685494559
0.5948838259492601
0.5850814035960606
0.5983446495873588
0.5835890974317278
0.5767112587179456
0.5792847318308694
0.5620894883360181
0.5850425158228193
0.5754549818379538
0.571174098764147
0.5784837509904589
0.5621012951646532
0.5753022841044835
0.561555712563651
0.5658826308591025
0.5753751482282367
0.5641897414411817
0.5729340119021279
0.562229402576174
0.5582100238118853
0.5649598283427102
0.5712490039212363
0.5703218494142804
0.5550621475492205
0.5619331751550947
0.556349882057735
0.5618591683251517
0.5685137024947575
0.5668812547411237
0.5727767501558576
0.5608818020139422
0.5579415968486241
0.5392408924443381
0.5655627701963697
0.5555791905948094
0.5502941123076848
0.5600077535424913
0.553311869927815
0.5588178592068809
0.5591525367328098
0.5648706240313394
0.5636719516345433
0.5624353894165584
0.552581069299153
0.5624108408178602
0.5383098040308271
0.5567277422973088
0.5513715633324214
0.5503520667552948
0.5484055621283395
0.552007953609739
0.5395204825060708
0.5383536828415735
0.5495217451027461
0.5469217785767146
0.5441162002938135
0.5507828388895307
0.5449954433100564
0.529758300951549
0.5267183227198464
0.5383352279663086
0.5378789612225123
0.5452846280166082
0.5306430688926151
0.5337988044534411
0.5428998010499136
0.5261736005544663
0.5386411462511335
0.5196149945259094
0.5300176271370479
0.5210817524365017
0.5246959132807595
0.5453776589461735
0.5293682532651084
0.52087753202234
0.5424815884658268
0.5386655458382198
0.5327103342328753
0.5305732088429588
0.5339153800691877
0.5206422575882503
0.5130002098424095
0.5243176996707917
0.5197979007448469
0.5189220121928624
0.5234355236802782
0.5215679568903787
0.5297463629926954
0.538353865487235
0.5205079393727439
0.5175932134900775
0.5292620480060577
0.5160727526460375
0.5173300649438586
0.5218414264065879
0.5124412230082921
0.5116739758423396
0.5062616527080536
0.5056839610849108
0.5312982320785522
0.5237616326127733
0.5232438428061349
0.4938409268856049
0.5030722652162825
0.5177245821271624
0.5178125500679016
0.49427737082753864
0.5054279106003897
0.4938740517411913
0.5205793099743979
0.5090867808886936
0.5103908002376556
0.5219466643674033
0.5191908802304949
0.509435121502195
0.49430314685617177
0.5058080443314144
0.49675577112606595
0.5142631266798292
0.5047316168035779
0.5070208660193852
0.5114873673234667
0.5041607550212315
0.5005797045571464
0.4992031582764217
0.49502542572362085
0.485429219688688
0.49838486058371406
0.49029000316347393
0.4985400425536292
0.4967796551329749
0.48464174781526836
0.4929504862853459
0.516361085006169