28.57142857142857
28.57142857142857
28.57142857142857
28.57142857142857
29.464285714285715
40.17857142857143
57.14285714285714
69.19642857142857
73.21428571428571
75.0
75.44642857142857
76.78571428571429
77.23214285714286
77.67857142857143
77.67857142857143
77.67857142857143
78.125
79.01785714285714
80.35714285714286
79.91071428571429
80.35714285714286
79.91071428571429
79.91071428571429
79.91071428571429
79.91071428571429
80.35714285714286
79.91071428571429
80.35714285714286
80.80357142857143
80.80357142857143
80.35714285714286
79.91071428571429
80.80357142857143
81.25
80.35714285714286
79.91071428571429
80.35714285714286
80.35714285714286
80.35714285714286
80.35714285714286
80.80357142857143
81.69642857142857
80.80357142857143
81.25
81.69642857142857
82.14285714285714
81.69642857142857
81.25
81.69642857142857
81.25
81.25
81.25
80.80357142857143
81.25
80.80357142857143
80.80357142857143
80.35714285714286
80.35714285714286
80.35714285714286
80.35714285714286
80.80357142857143
80.80357142857143
80.80357142857143
80.35714285714286
81.25
80.80357142857143
80.80357142857143
81.69642857142857
80.35714285714286
80.80357142857143
79.91071428571429
79.91071428571429
80.35714285714286
79.91071428571429
79.91071428571429
80.35714285714286
80.35714285714286
80.35714285714286
79.91071428571429
79.91071428571429
79.91071428571429
80.35714285714286
79.91071428571429
80.35714285714286
80.80357142857143
80.80357142857143
80.35714285714286
80.80357142857143
81.25
80.80357142857143
81.25
80.80357142857143
80.80357142857143
80.35714285714286
79.91071428571429
80.80357142857143
80.80357142857143
80.35714285714286
80.35714285714286
80.80357142857143
81.25
81.25
80.80357142857143
80.80357142857143
81.25
81.25
80.35714285714286
81.25
80.80357142857143
81.25
80.35714285714286
80.80357142857143
80.80357142857143
81.25
81.25
81.25
80.80357142857143
80.80357142857143
81.25
81.25
80.80357142857143
80.80357142857143
80.80357142857143
80.80357142857143
80.80357142857143
81.25
80.80357142857143
80.80357142857143
80.80357142857143
80.35714285714286
80.80357142857143
80.80357142857143
80.80357142857143
80.80357142857143
80.80357142857143
80.35714285714286
80.80357142857143
80.80357142857143
80.35714285714286
80.35714285714286
79.91071428571429
80.35714285714286
80.80357142857143
80.80357142857143
80.80357142857143
81.25
81.25
80.80357142857143
80.80357142857143
80.80357142857143
80.35714285714286
80.35714285714286
80.80357142857143
80.80357142857143
81.25
80.80357142857143
80.35714285714286
80.35714285714286
79.91071428571429
80.80357142857143
81.25
80.80357142857143
80.80357142857143
80.35714285714286
80.80357142857143
80.80357142857143
79.91071428571429
79.91071428571429
80.35714285714286
80.35714285714286
79.91071428571429
80.35714285714286
80.35714285714286
80.35714285714286
80.35714285714286
80.35714285714286
80.35714285714286
80.80357142857143
81.25
81.25
80.80357142857143
80.80357142857143
80.80357142857143
80.80357142857143
80.80357142857143
80.80357142857143
80.80357142857143
81.25
81.25
80.80357142857143
80.80357142857143
80.80357142857143
80.80357142857143
80.80357142857143
80.80357142857143
80.80357142857143
80.80357142857143
80.80357142857143
81.25
81.25