1.1045526368277414
1.0994045393807548
1.0972035135541642
1.0933241639818465
1.0884376968656266
1.0835261957986013
1.0782177005495344
1.0695790903908866
1.0596219948359897
1.0469251223972866
1.034188107081822
1.0180886507034301
0.9986544353621346
0.9700860857963562
0.9463912180491856
0.9158275723457336
0.9000994052205767
0.8661394936697824
0.8464035987854004
0.8345568810190473
0.8059863448143005
0.7912054164069039
0.7793469071388245
0.7708565184048244
0.7617079428264073
0.7399622849055699
0.7567584412438529
0.7419847658702305
0.754911036150796
0.7208581107003348
0.7209468943732126
0.7178366235324315
0.7070692709514073
0.7076040761811393
0.704729471887861
0.6811542536531175
0.6854207072939191
0.690942508833749
0.7066675543785095
0.669525146484375
0.6952297108513968
0.7041130261761802
0.6846119063241142
0.7018037021160126
0.6966041462762015
0.6908738800457546
0.6734135815075466
0.6920942459787641
0.6739509386675698
0.6689021578856877
0.6571248795304979
0.6541952822889601
0.6896074073655265
0.6705724784306117
0.6755180316311973
0.6548411292689187
0.651151590687888
0.6650927432945797
0.6549849697521755
0.658786553144455
0.6793125970023018
0.6721984156540461
0.6564497002533504
0.6629894290651593
0.6670361042022706
0.6651537869657789
0.6619431223188128
0.6548444977828435
0.6581589247499193
0.6462344816752843
0.6413881131580897
0.6426963099411556
0.6335757545062474
0.6451954764979226
0.6399785476071495
0.6240462669304438
0.6349825850554875
0.6217067514147078
0.6420707838875906
0.6388451746531896
0.6260165674345833
0.6450120278767177
0.6383170459951674
0.619000256061554
0.6149004851068769
0.628548149551664
0.6208316283566612
0.6354203181607383
0.6361274233886174
0.6214558124542237
0.6211386561393738
0.6127009528023856
0.6238196168627058
0.6324422802243914
0.6313808381557464
0.6310733650411878
0.6222164920398168
0.6311083810670035
0.6096405846732004
0.6167406048093523
0.6122680153165545
0.6010599885668073
0.6020472083772932
0.60961446251188
0.6209450032029833
0.6360918062073844
0.6284198488507952
0.6215121362890516
0.6097471381936754
0.6291728096348899
0.6296391938413892
0.6135524724211011
0.6301917467798506
0.6204685381480626
0.6159213696207319
0.6150337142603738
0.6227868752820152
0.6014160760811397
0.6055498395647322
0.6325533279350826
0.610740476846695
0.6237712723868234
0.6185712047985622
0.6113030569893974
0.6112433101449694
0.5913590235369546
0.6022234244006021
0.5876857238156455
0.6126171665532248
0.6081863258566175
0.6113807669707707
0.5996051098619188
0.5866962007113865
0.6126431601388114
0.5854922422340938
0.5936222774641854
0.5871542198317391
0.5926670891898019
0.6207984907286508
0.5950608023575374
0.5856650471687317
0.6030558960778373
0.618253458397729
0.5987311354705266
0.6037884022508349
0.589337180341993
0.5754724289689745
0.5728248068264552
0.6002548805304936
0.5801522808415549
0.5788424466337476
0.5938583953039986
0.5875710555485316
0.580066101040159
0.5931438667433603
0.5810902621064867
0.5956245694841658
0.59124584708895
0.5875248917511531
0.582056999206543
0.6009606906345912
0.5809732556343079
0.5846112566334861
0.5744733725275312
0.5804476601736887
0.6032210094588143
0.5824357117925372
0.5962326960904257
0.5638631641864776
0.57641561627388
0.5652938987527575
0.5655221164226532
0.5622015237808228
0.5719680343355451
0.5717226837362562
0.5873473060982568
0.5888598578316825
0.5854643779141563
0.5891067436763219
0.5780119027410234
0.5713411160877773
0.5791443458625248
0.5669183203152248
0.5772139310836792
0.5770521368299212
0.5789414695331029
0.575927518095289
0.5866387758936201
0.5747713088989258
0.5668689463819776
0.5751427871840341
0.5739616470677512
0.5698751534734453
0.5727598982197898
0.5519608974456787
0.5823316497462137
0.5622958821909768
0.566205210345132
0.5488985300064086
0.5882399805954525