36.607142857142854
42.410714285714285
50.0
66.51785714285714
73.66071428571429
75.89285714285714
77.23214285714286
79.46428571428571
79.46428571428571
79.01785714285714
79.46428571428571
79.46428571428571
79.46428571428571
79.46428571428571
79.46428571428571
80.35714285714286
79.01785714285714
79.91071428571429
78.57142857142857
78.57142857142857
79.01785714285714
79.01785714285714
77.67857142857143
79.91071428571429
79.91071428571429
79.46428571428571
80.35714285714286
80.35714285714286
80.35714285714286
81.69642857142857
81.25
80.35714285714286
80.35714285714286
81.25
80.80357142857143
80.80357142857143
80.80357142857143
81.69642857142857
80.35714285714286
80.80357142857143
80.35714285714286
81.25
80.80357142857143
80.80357142857143
80.80357142857143
80.80357142857143
80.80357142857143
80.80357142857143
80.80357142857143
80.80357142857143
80.80357142857143
81.25
80.80357142857143
80.80357142857143
80.80357142857143
80.80357142857143
80.80357142857143
81.25
81.25
80.35714285714286
81.25
81.25
80.35714285714286
81.25
81.25
80.80357142857143
80.80357142857143
80.80357142857143
80.80357142857143
80.80357142857143
80.80357142857143
80.80357142857143
81.25
80.80357142857143
80.80357142857143
81.25
82.14285714285714
80.80357142857143
81.69642857142857
81.69642857142857
80.80357142857143
80.35714285714286
81.25
82.14285714285714
80.80357142857143
81.69642857142857
80.80357142857143
80.80357142857143
80.80357142857143
80.80357142857143
80.80357142857143
80.80357142857143
80.80357142857143
81.25
80.35714285714286
80.35714285714286
80.80357142857143
80.80357142857143
81.69642857142857
81.25
81.69642857142857
80.80357142857143
81.25
81.69642857142857
81.25
81.69642857142857
82.14285714285714
81.25
79.91071428571429
80.35714285714286
80.80357142857143
80.80357142857143
80.80357142857143
81.25
80.35714285714286
81.25
81.69642857142857
80.80357142857143
81.25
81.25
80.35714285714286
81.25
80.35714285714286
80.80357142857143
80.35714285714286
80.35714285714286
80.35714285714286
80.80357142857143
80.35714285714286
80.80357142857143
80.35714285714286
80.35714285714286
80.80357142857143
81.69642857142857
80.80357142857143
81.25
81.69642857142857
80.80357142857143
80.35714285714286
81.25
80.80357142857143
80.80357142857143
80.80357142857143
81.25
81.25
81.25
81.25
80.35714285714286
79.91071428571429
80.35714285714286
80.35714285714286
80.35714285714286
79.46428571428571
80.35714285714286
80.80357142857143
80.35714285714286
80.35714285714286
80.35714285714286
80.35714285714286
80.35714285714286
79.91071428571429
79.91071428571429
81.25
79.91071428571429
80.35714285714286
81.69642857142857
80.80357142857143
80.35714285714286
80.80357142857143
80.80357142857143
81.25
80.80357142857143
81.25
81.69642857142857
80.35714285714286
81.69642857142857
81.25
80.35714285714286
81.25
81.69642857142857
81.25
81.69642857142857
80.35714285714286
81.25
80.80357142857143
81.25
80.80357142857143
81.69642857142857
79.91071428571429
80.80357142857143
79.91071428571429
80.35714285714286
81.25
81.25
80.80357142857143
80.80357142857143
80.80357142857143
80.35714285714286
80.80357142857143
81.25