1.096265721321106
1.0821105752672469
1.070793775149754
1.0535856996263777
1.036619918687003
1.0154396823474339
0.9963325228009905
0.9663036738123213
0.9447038991110666
0.9164785606520517
0.8841316870280674
0.8602712665285382
0.8234658769198826
0.8048154337065561
0.7732706274305071
0.7440565415791103
0.7397849900381905
0.7177014861788068
0.6969254153115408
0.6828176413263594
0.6786042281559536
0.6584438647542681
0.6649162445749556
0.6674779023442949
0.652960376228605
0.6286824422223227
0.646628942659923
0.6346376648971013
0.6311994280133929
0.6248449180807386
0.6267815623964582
0.6130325164113726
0.606809572662626
0.6237478085926601
0.6147262156009674
0.6257129848003388
0.6187383881637029
0.602004861831665
0.6073628306388855
0.6070051423140934
0.6000109468187604
0.6024124724524361
0.5997469288962228
0.5904637805053166
0.610676601103374
0.60605200614248
0.5971377100263323
0.6079431627477918
0.5959538766316005
0.5944660629544939
0.602120897599629
0.6034555384090968
0.5802434989384242
0.5837751942021506
0.5872073582240513
0.5985099221978869
0.583675229549408
0.585042940718787
0.5670838577406747
0.586774069922311
0.5851535865238735
0.5778806166989463
0.5712442874908448
0.5684379773480551
0.5785579017230442
0.5916504578930991
0.5777350749288287
0.5807585673672813
0.5825521000794002
0.5719405378614153
0.5829028061458043
0.5645524246352059
0.5820253091199058
0.5618570395878383
0.5795736738613674
0.5589083390576499
0.5590037294796535
0.5717009578432356
0.5580366909503937
0.5677588428769793
0.5770704805850982
0.5552492235388075
0.5674464651516505
0.5651184414114271
0.5745522141456604
0.5622137572084155
0.5467634584222522
0.5662162610462733
0.5574372504438673
0.5528430146830422
0.5457071278776441
0.559597225700106
0.55564917411123
0.553667631319591
0.555236885377339
0.551151591539383
0.5542851941926139
0.5394720179694039
0.553323027917317
0.5505728193691799
0.5612219342163631
0.5547063776424953
0.5483171675886427
0.544794373852866
0.5549616277217865
0.532456750529153
0.5390130886009761
0.5515423783234188
0.5443129956722259
0.5410444072314671
0.5401592331273215
0.5378779709339142
0.5611138956887382
0.537530619757516
0.5547868549823761
0.5403019862515586
0.5311861148902348
0.5461463247026715
0.5497529327869415
0.5186111978122167
0.5359384826251439
0.5336917553629194
0.5424390920570918
0.5367024843181882
0.545306498663766
0.5372518228633063
0.5324347845145634
0.5277832576206752
0.5508671224117279
0.5442215408597674
0.5412385054997035
0.5349308414118631
0.5231165102549962
0.5195241102150508
0.5283636382647923
0.5166208318301609
0.5213218995503017
0.5278362785066877
0.5310782951968057
0.5301776690142496
0.5264830487115043
0.5337109344346183
0.5177654802799225
0.5228777570383889
0.5189889865262168
0.517226950611387
0.5167395732232503
0.5190280084099088
0.5288697685514178
0.5141483519758497
0.5290418633392879
0.5299342683383397
0.50459651691573
0.5285580839429583
0.5339236608573369
0.5295134322983878
0.5231145313807897
0.5085845283099584
0.509152608684131
0.5154474292482648
0.5224342388766152
0.5182495321546282
0.5132133884089334
0.5260013673986708
0.5059963541371482
0.5217428990772792
0.5286953330039978
0.5105194704873222
0.5053603623594557
0.5016624901975905
0.5000055483409337
0.5197259417601994
0.5039837411471776
0.49361453226634433
0.5118377115045275
0.5169696850436074
0.5116747047219957
0.5054331353732517
0.5006249300071172
0.49498002529144286
0.5237128717558724
0.5136176483971732
0.5057470977306366
0.5025401200566973
0.4997598247868674
0.511759695836476
0.5081851972000939
0.4933183423110417
0.5094810247421264
0.5017677068710327
0.4978810259274074
0.49883309943335397
0.4976651804787772
0.49906332620552607
0.5088633358478546
0.5103716535227639
0.4905155088220324
0.5116299254553659
0.49950725606509616
0.4905724040099553