36.666666666666664
42.5
55.41666666666667
66.66666666666666
73.75
76.66666666666667
77.91666666666667
77.5
77.91666666666667
77.08333333333334
77.08333333333334
77.5
77.91666666666667
77.08333333333334
76.66666666666667
77.5
77.08333333333334
78.33333333333333
76.66666666666667
77.5
77.5
77.91666666666667
77.91666666666667
77.91666666666667
78.75
79.16666666666666
78.75
78.75
79.16666666666666
79.16666666666666
79.16666666666666
78.75
79.16666666666666
79.58333333333333
78.75
80.0
80.0
80.0
79.58333333333333
78.75
79.58333333333333
80.0
79.58333333333333
79.58333333333333
79.16666666666666
79.16666666666666
78.75
79.16666666666666
79.16666666666666
78.75
78.75
78.75
78.75
78.75
78.75
79.16666666666666
78.75
78.75
79.58333333333333
79.58333333333333
79.16666666666666
79.16666666666666
79.58333333333333
79.58333333333333
80.0
79.16666666666666
78.75
78.75
80.0
79.16666666666666
79.16666666666666
79.16666666666666
79.58333333333333
79.58333333333333
79.58333333333333
79.16666666666666
79.16666666666666
79.16666666666666
79.16666666666666
79.58333333333333
79.58333333333333
79.16666666666666
79.16666666666666
79.58333333333333
79.58333333333333
79.16666666666666
79.58333333333333
79.16666666666666
79.58333333333333
79.58333333333333
79.58333333333333
79.58333333333333
79.58333333333333
79.58333333333333
79.16666666666666
79.16666666666666
79.16666666666666
79.58333333333333
79.16666666666666
79.16666666666666
79.16666666666666
79.58333333333333
79.58333333333333
79.58333333333333
79.58333333333333
79.58333333333333
79.58333333333333
79.58333333333333
79.58333333333333
79.58333333333333
79.58333333333333
80.0
80.0
80.0
80.0
80.0
80.0
80.0
80.0
80.0
80.0
80.0
80.0
80.0
80.0
80.0
80.0
80.0
80.0
80.0
80.0
80.0
80.0
80.0
79.58333333333333
79.58333333333333
79.58333333333333
79.16666666666666
79.16666666666666
79.58333333333333
79.58333333333333
79.58333333333333
79.58333333333333
79.16666666666666
80.0
79.58333333333333
79.58333333333333
80.0
79.58333333333333
79.58333333333333
79.58333333333333
80.0
79.58333333333333
80.0
80.0
79.16666666666666
79.58333333333333
80.0
79.58333333333333
80.0
80.0
80.0
80.0
80.0
80.0
80.0
80.0
80.0
80.0
80.0
80.0
79.16666666666666
79.58333333333333
79.16666666666666
80.0
79.58333333333333
80.0
80.0
80.0
80.0
80.0
80.0
79.16666666666666
79.58333333333333
79.58333333333333
79.58333333333333
79.58333333333333
79.16666666666666
79.58333333333333
80.0
79.58333333333333
79.58333333333333
79.16666666666666
79.58333333333333
80.0
79.58333333333333
80.0
80.0
80.0
80.0