1.0963330151329578
1.086271111394318
1.0705138310580187
1.0564787874759083
1.0326705675729564
1.011631447664449
0.992101681064552
0.9634506500942607
0.926257570024947
0.9030588017383092
0.8559211425378289
0.8356822468865086
0.8059352711892463
0.781322739493679
0.7794573945058904
0.7656483331196745
0.7392971943801557
0.7314516956537542
0.7092964477102521
0.7230875911846967
0.7177049064300429
0.7016875303127397
0.688187556787276
0.671360087646565
0.6881181182156146
0.6721655365446924
0.6709881042930442
0.6629380382282634
0.6761076080967003
0.6603335855712353
0.6432358488230638
0.6542562674468672
0.6578746987900264
0.6400218954388525
0.669752687215805
0.657943992967337
0.6646010275457946
0.6444728538184099
0.6442133524048497
0.6318002897249141
0.626683340525963
0.633768509391328
0.6374938920350142
0.6167531080648933
0.6278237360464015
0.6195451373785315
0.6152007789678977
0.6328233765884185
0.6354910315762103
0.6181243599300653
0.6010677178560848
0.5992184575174896
0.6246156553987047
0.6326323264921215
0.6250382779349744
0.6027682675442225
0.6173496313498054
0.6239949296897566
0.6053883853093
0.5861577462982124
0.6197331971685651
0.6076354850345934
0.6030854175628071
0.5980264074365857
0.60947705322588
0.5964593501158164
0.5997936368828088
0.6014226335035243
0.5948256363331432
0.5968025675122167
0.5854190692935192
0.5942558310401271
0.5893600440361131
0.5920126912459521
0.5903404963688111
0.6021149687364068
0.599697127728395
0.5854279768299049
0.5758896268589396
0.576978215869044
0.5960672823056369
0.5797164696203151
0.5973989581558067
0.5859724967412545
0.5952375061075452
0.5906128020773471
0.5736274610103016
0.5786364002966545
0.5803798672179101
0.5792220417462605
0.5944498748006956
0.6023510723886355
0.5754358182910463
0.5639124966003526
0.5907893281587413
0.57977650430001
0.5789037951281373
0.5842284388105634
0.5864766238021178
0.5937586787720801
0.576548985402349
0.5775783544694874
0.5646525243638267
0.5607845113730766
0.5546046289759623
0.5783132872950862
0.5745657485135844
0.5672317732807616
0.5680255381993844
0.5829348125508134
0.5735174308360462
0.5862047831777116
0.5712420592005824
0.5741107029394364
0.5633321158902745
0.5559203427442363
0.5589915127821372
0.5635051200507393
0.573348173373182
0.5718008867451843
0.5765300393104553
0.5427484730599632
0.5617745671893509
0.5538140705353777
0.5569503508823018
0.5600479555801606
0.5539543458693464
0.5626007977505805
0.5554780324160213
0.5629123692781153
0.5556320027566292
0.5683619822834579
0.5595479731408644
0.5735552054895482
0.5525713243954619
0.5480699562270877
0.5591914359952362
0.559031754732132
0.5513631539865279
0.5617358604787102
0.5717117003571819
0.5535435164478463
0.5612707727811705
0.5536505869576629
0.5436014837362397
0.5461332858868049
0.5480296145862257
0.562554730286061
0.5574078010001653
0.5533442719721459
0.5284947564064617
0.5349786579608917
0.5446142430456591
0.5493044893086796
0.5226074245194314
0.5498486885302504
0.5606909469819404
0.5487973501145
0.5317977242906329
0.5541969376130843
0.5411596447229385
0.5256265712455964
0.5363528111451109
0.5410051916686582
0.5491510927677155
0.5449250722435158
0.536772727756433
0.542394371099875
0.5227577092362122
0.5636299640779764
0.5488977207684181
0.534895797220754
0.5210197723247636
0.5484161372755615
0.5328465899531271
0.5216392326942632
0.5419721645368657
0.5362825284541493
0.5338937589820002
0.5443833289851605
0.5393816274656377
0.5267705134522747
0.5261929305926175
0.5439975387613538
0.5448638599523357
0.5295371031257469
0.5422466607160972
0.534095652506385
0.5245903153234804
0.5367219949692068
0.523922924424561
0.5238463158758593
0.5262136199104954
0.5286558455144855
0.5262126060019077
0.5330037923765855
0.5238119514895158
0.5351268254535299
0.5346610395001693
0.524167645565221