28.57142857142857
28.57142857142857
28.57142857142857
31.69642857142857
49.55357142857143
64.73214285714286
72.32142857142857
75.0
75.44642857142857
75.89285714285714
77.23214285714286
78.125
79.46428571428571
79.46428571428571
79.91071428571429
79.01785714285714
79.91071428571429
79.46428571428571
80.35714285714286
80.35714285714286
79.91071428571429
81.69642857142857
80.80357142857143
80.80357142857143
80.35714285714286
81.25
80.35714285714286
80.80357142857143
80.80357142857143
81.69642857142857
81.69642857142857
81.25
81.25
81.25
81.69642857142857
80.80357142857143
80.35714285714286
80.80357142857143
81.25
81.25
81.25
81.69642857142857
81.69642857142857
81.25
81.25
80.80357142857143
81.25
80.80357142857143
80.80357142857143
80.35714285714286
80.35714285714286
80.35714285714286
80.35714285714286
80.35714285714286
80.35714285714286
80.35714285714286
79.91071428571429
80.35714285714286
79.91071428571429
80.35714285714286
80.80357142857143
79.91071428571429
80.35714285714286
80.35714285714286
80.35714285714286
80.35714285714286
80.80357142857143
80.35714285714286
79.46428571428571
80.35714285714286
79.91071428571429
79.91071428571429
81.25
80.35714285714286
79.91071428571429
80.35714285714286
80.35714285714286
81.25
80.35714285714286
80.35714285714286
79.91071428571429
79.91071428571429
80.80357142857143
79.91071428571429
80.35714285714286
80.35714285714286
80.35714285714286
80.35714285714286
80.80357142857143
80.80357142857143
80.35714285714286
80.35714285714286
79.91071428571429
79.91071428571429
80.35714285714286
80.80357142857143
81.25
80.35714285714286
81.25
80.35714285714286
80.80357142857143
80.80357142857143
80.35714285714286
79.91071428571429
80.80357142857143
80.80357142857143
80.80357142857143
79.91071428571429
80.35714285714286
80.35714285714286
79.91071428571429
80.80357142857143
80.80357142857143
81.25
81.25
80.35714285714286
81.25
81.25
81.25
81.25
80.80357142857143
81.25
80.80357142857143
80.35714285714286
81.25
81.25
81.25
81.25
80.80357142857143
81.25
81.25
81.25
81.25
81.25
81.25
80.80357142857143
81.25
80.35714285714286
80.35714285714286
80.35714285714286
79.46428571428571
81.69642857142857
81.69642857142857
81.69642857142857
81.69642857142857
80.80357142857143
80.35714285714286
80.80357142857143
80.80357142857143
80.80357142857143
81.25
81.25
81.69642857142857
81.25
81.69642857142857
81.25
81.25
81.25
81.25
81.25
81.25
81.25
81.25
81.25
81.25
80.80357142857143
80.80357142857143
80.80357142857143
81.25
81.25
80.80357142857143
80.80357142857143
81.25
80.80357142857143
80.80357142857143
80.80357142857143
81.25
81.25
81.69642857142857
81.25
80.80357142857143
80.80357142857143
80.80357142857143
81.25
80.80357142857143
81.25
81.25
81.25
81.25
81.25
80.80357142857143
80.80357142857143
81.25
80.80357142857143
80.80357142857143
80.80357142857143
81.25
80.80357142857143
81.69642857142857
81.69642857142857