1.1051175832748412
1.0983263390404838
1.0931910753250123
1.0880317517689295
1.0794632843562535
1.0724592651639666
1.0605037008013045
1.0465865850448608
1.025497453553336
1.0046790003776551
0.9768808058329991
0.9423880798476083
0.9056632655007498
0.8658950805664063
0.8308709468160357
0.7995153444153922
0.7885665144239153
0.7547876971108572
0.7538418054580689
0.740213109765734
0.7198177610124861
0.7163776499884469
0.7071515577180045
0.6961562258856637
0.6982400962284633
0.6757411309650966
0.6935176798275539
0.6832669590200696
0.6939835684640067
0.6664960162980216
0.6529561681406838
0.6731254160404205
0.6617748396737235
0.6507240899971554
0.6695560940674373
0.6436105506760733
0.6313261321612766
0.6496139722211021
0.6600843838282994
0.6216844158513205
0.6393726459571294
0.6653033299105507
0.6478447590555464
0.6539407619408198
0.6580387481621334
0.6497951814106533
0.6399628562586648
0.6512348864759717
0.6273838443415506
0.6212862602302006
0.6289799468857902
0.6226700152669634
0.6518998461110251
0.6409854812281472
0.6361727263246264
0.6198475914342063
0.6046855126108442
0.6322888144424983
0.6293911014284407
0.6276842049189977
0.6427708191531045
0.6419284769466945
0.6125551070485796
0.6177499123982021
0.6295981117657252
0.6178072495119912
0.6285932123661041
0.6166777849197388
0.6213210957390921
0.6191777842385429
0.606993933234896
0.6075913718768529
0.5940374289240156
0.6164761764662606
0.6036656635148184
0.5982213871819633
0.6034831719739097
0.6030407241412572
0.603510833638055
0.5994697911398751
0.5947181803839547
0.6059684991836548
0.5985371257577624
0.5894505815846579
0.5912924723965781
0.5964771900858198
0.5875037567956107
0.6005145473139627
0.5980878983225141
0.5879706399781364
0.586714848450252
0.5765336275100708
0.5943092261041913
0.5965504271643502
0.592400131055287
0.6040453229631696
0.5838659822940826
0.5924032083579472
0.577833993094308
0.5836713262966701
0.5922631893839155
0.5743406857763018
0.5799103243010385
0.5855703234672547
0.5852017087595803
0.5923474064895085
0.5962262170655387
0.5940976415361677
0.5911537553582873
0.5950704864093236
0.5958643002169473
0.5710201050554004
0.5832869308335441
0.588956959758486
0.5810731623853956
0.5813878451074873
0.5844928290162767
0.5731024410043444
0.5692548487867628
0.5860700351851327
0.5726227155753545
0.580912778207234
0.5856333238737924
0.5780417970248631
0.5638892923082625
0.5579182480062758
0.5641778690474374
0.5572303312165396
0.5721344794545855
0.5622784870011466
0.5665385612419673
0.5751027473381587
0.5516620712620871
0.5711345272404807
0.5461899365697588
0.5657229610851833
0.5547060992036547
0.5662210864680154
0.5839382120541163
0.5634622927222933
0.5536641325269427
0.574818799325398
0.5716170583452497
0.5693312730107989
0.5633754312992096
0.5641473352909088
0.548743281194142
0.5353016810757774
0.5575289019516536
0.5495594382286072
0.5468266793659755
0.5568488035883222
0.5527508497238159
0.5532342467989241
0.560540600333895
0.552532787833895
0.5529563707964761
0.5665733005319323
0.5491387179919651
0.5471384601933615
0.564562542949404
0.5403582760265895
0.5461508904184614
0.5445935019424983
0.5332575116838728
0.571044921875
0.5474761451993669
0.5623571225575038
0.5340739054339273
0.5506569504737854
0.5511782220431737
0.5428448600428445
0.5344417435782296
0.5481043875217437
0.534903050320489
0.5500819206237793
0.5435557229178293
0.5521104233605522
0.5586268442017691
0.5537937028067452
0.5443729187761034
0.531695146220071
0.5332703258310045
0.5225545236042568
0.5444856652191707
0.5410350927284786
0.546591169493539
0.5498552662985665
0.5462229907512665
0.5328711935452053
0.5372732707432338
0.5362591411386217
0.5287247981343951
0.5380949905940464
0.521911564895085
0.5380097704274314
0.531260244335447
0.5291394335883004
0.5181035757064819
0.5507735388619559