1.1041906084333146
1.0964497498103551
1.0898608718599592
1.080582799230303
1.071478421347482
1.0578282049724035
1.0394110679626465
1.0135697398866925
0.9828866856438773
0.9443194678851536
0.9083077822412763
0.8538489563124521
0.8213448337146214
0.7794098990304129
0.7478555526052203
0.7262479203087943
0.7122587629726955
0.6929953677313668
0.6860755137034825
0.6867220078195845
0.6732540692601885
0.6642613955906459
0.6701660735266549
0.6519499344485147
0.6567959904670715
0.6365071603230068
0.6436662009784153
0.638935227053506
0.6641190418175289
0.630975317955017
0.6059234993798392
0.6320707627705165
0.6308839729854039
0.6224850356578827
0.6277421832084655
0.6113644710608891
0.6194580461297716
0.6245137631893158
0.6171907935823713
0.6018051522118705
0.6109836731638227
0.6287853257996695
0.6183146357536315
0.6095752443586077
0.6202377004282815
0.6130405621869224
0.6104428546769278
0.6224022899355207
0.600607407093048
0.6096167385578155
0.5988426727907998
0.607314555985587
0.6266812877995628
0.6113085610525949
0.6107739201613835
0.5918779654162271
0.5886498536382403
0.5998735002108982
0.6017164162227085
0.6127412268093654
0.6043896641050066
0.6137439233916147
0.5863697818347386
0.5894218334129878
0.6005448392459325
0.5853172157491956
0.5981771452086312
0.5887734600475856
0.602075150183269
0.5890649676322937
0.5820245487349374
0.5837717933314187
0.5673899522849492
0.5890260534627098
0.5803929320403508
0.5764941019671304
0.5831196435860225
0.5666830028806414
0.5801917936120714
0.5667526211057391
0.571414063658033
0.5814720051629203
0.5698184881891523
0.578102365561894
0.5672295348984855
0.5641012838908604
0.5712044962814876
0.5778991247926439
0.5765225453036172
0.5600478444780622
0.5681130136762347
0.5626253996576581
0.5676457575389318
0.5737654422010694
0.572884316103799
0.5789661918367658
0.5685350520270211
0.5644385227135249
0.5458496229989188
0.5721636933939798
0.5624818657125745
0.5561735604490553
0.5671248137950897
0.5586207432406289
0.5681370692593711
0.5657126826899392
0.5701334306171962
0.5704360127449035
0.5688524723052979
0.560395085811615
0.569718473298209
0.5455513034548078
0.5638024832521166
0.5582071125507355
0.5575484114033835
0.5560656649725778
0.5589857816696167
0.5501127822058541
0.5474643175091062
0.5581794917583466
0.5539977226938521
0.553341846380915
0.5581927248409816
0.5530975801604134
0.5384296008518764
0.5359138199261256
0.5443651480334145
0.5447497955390386
0.55394583770207
0.5406204623835428
0.5426522970199585
0.5495142136301313
0.5358403014285223
0.547197060074125
0.5292147874832154
0.5377861312457494
0.5302029882158552
0.535437564764704
0.5549487369401115
0.5363536213125502
0.5279226592608861
0.5498112448624202
0.5483024750437056
0.5431941023894719
0.5383496710232326
0.5421015543597085
0.5308953378881727
0.5211934651647295
0.5330128167356764
0.5289114935057504
0.5270533050809588
0.5351841526372092
0.5312455790383476
0.5397683586393084
0.5487215902124133
0.5294137984514237
0.5278449032987867
0.5384294501372746
0.5259818264416286
0.5266323549406869
0.5316896319389344
0.5222822921616691
0.5208387213093894
0.5169294936316354
0.5135663134711129
0.5411880918911525
0.532648971251079
0.5324999928474426
0.5035143392426628
0.514553165435791
0.5275456981999533
0.5263618273394448
0.5013719081878663
0.5167453382696424
0.5082701367991311
0.5305990738528116
0.5181443921157292
0.5221161093030657
0.53366225872721
0.5268376801695143
0.5218751813684191
0.5065670847892761
0.515893726689475
0.5056104183197021
0.5241582163742611
0.5151940499033246
0.5166555183274405
0.5233696707657405
0.5153564708573478
0.5107797997338431
0.5106685681002481
0.5080689191818237
0.4989968725613185
0.5107688316277095
0.5021780865533011
0.5061458689825875
0.5096679674727577
0.4950629668576377
0.5026899210044316
0.5280720506395612