28.57142857142857
28.57142857142857
28.57142857142857
28.57142857142857
28.57142857142857
28.57142857142857
30.80357142857143
37.05357142857143
52.67857142857143
60.26785714285714
67.85714285714286
73.21428571428571
74.55357142857143
75.89285714285714
75.89285714285714
76.78571428571429
77.67857142857143
77.67857142857143
77.23214285714286
78.57142857142857
78.125
78.125
80.35714285714286
78.57142857142857
79.91071428571429
80.35714285714286
80.35714285714286
80.35714285714286
79.91071428571429
79.91071428571429
80.35714285714286
80.35714285714286
79.91071428571429
80.35714285714286
80.35714285714286
79.91071428571429
79.91071428571429
80.80357142857143
80.80357142857143
80.80357142857143
80.80357142857143
80.80357142857143
80.80357142857143
81.25
81.25
81.25
81.69642857142857
81.25
81.69642857142857
80.80357142857143
80.80357142857143
80.80357142857143
80.35714285714286
81.25
80.35714285714286
80.35714285714286
81.25
81.25
80.35714285714286
80.35714285714286
81.25
81.25
81.25
80.80357142857143
80.35714285714286
80.80357142857143
80.35714285714286
80.80357142857143
80.35714285714286
80.35714285714286
80.35714285714286
80.35714285714286
80.35714285714286
79.91071428571429
79.91071428571429
80.35714285714286
80.35714285714286
79.91071428571429
79.91071428571429
79.91071428571429
79.91071428571429
80.35714285714286
79.91071428571429
80.35714285714286
80.35714285714286
80.80357142857143
80.80357142857143
80.80357142857143
80.80357142857143
80.35714285714286
80.35714285714286
80.35714285714286
80.35714285714286
80.35714285714286
79.91071428571429
79.91071428571429
80.35714285714286
80.35714285714286
80.35714285714286
80.35714285714286
80.80357142857143
80.80357142857143
80.80357142857143
80.35714285714286
80.80357142857143
80.80357142857143
80.35714285714286
80.35714285714286
80.35714285714286
80.35714285714286
80.35714285714286
80.35714285714286
80.35714285714286
80.80357142857143
80.80357142857143
80.80357142857143
80.35714285714286
80.35714285714286
80.80357142857143
80.35714285714286
81.25
80.35714285714286
80.35714285714286
80.35714285714286
80.35714285714286
81.25
81.25
81.25
80.35714285714286
80.35714285714286
80.35714285714286
80.35714285714286
80.80357142857143
80.80357142857143
80.80357142857143
80.80357142857143
80.80357142857143
80.80357142857143
80.80357142857143
80.80357142857143
80.35714285714286
80.80357142857143
80.80357142857143
80.80357142857143
80.80357142857143
80.80357142857143
80.80357142857143
80.35714285714286
80.35714285714286
80.35714285714286
80.35714285714286
80.35714285714286
80.35714285714286
80.80357142857143
80.80357142857143
80.80357142857143
80.80357142857143
80.80357142857143
80.80357142857143
80.80357142857143
80.80357142857143
80.80357142857143
80.35714285714286
80.80357142857143
80.35714285714286
80.80357142857143
80.35714285714286
80.80357142857143
80.80357142857143
80.80357142857143
80.35714285714286
79.91071428571429
80.35714285714286
80.35714285714286
80.35714285714286
79.91071428571429
80.35714285714286
80.35714285714286
80.80357142857143
80.80357142857143
80.80357142857143
80.80357142857143
80.35714285714286
80.35714285714286
80.35714285714286
80.35714285714286
80.35714285714286
79.46428571428571
79.91071428571429
81.25
80.80357142857143
81.25
81.25
80.35714285714286
79.91071428571429
79.91071428571429
80.35714285714286
80.80357142857143
80.80357142857143
81.25