1.1050280230385916
1.0982597964150564
1.1021512304033552
1.0978066240038191
1.0954130922045027
1.0932759727750505
1.089544745853969
1.0835890565599715
1.0771329505102976
1.0750213146209717
1.0666871343340192
1.0641672951834542
1.0574271883283342
1.0447659117834909
1.0323475224631173
1.0195711936269487
1.015332245826721
0.9929201092038836
0.9781673039708819
0.965781489440373
0.942164865561894
0.9269018956593105
0.9000379119600569
0.8922517572130476
0.8722917914390564
0.8523103032793318
0.8675805245126996
0.8391521692276
0.8500262703214373
0.8036675981112889
0.7991804804120745
0.7982220019612993
0.7871118324143546
0.7777019381523133
0.7709357823644366
0.7456460237503052
0.746194154875619
0.768848591191428
0.7522703460284642
0.7445992503847395
0.7609562379973275
0.7668314354760306
0.7444948434829712
0.7602628946304322
0.7594573174204146
0.7480283975601196
0.73489841903959
0.7440787400518145
0.7426832130977086
0.7266293389456613
0.7003089598246983
0.717803191287177
0.7377487744603838
0.7249135528291974
0.7314793450491769
0.7065284550189972
0.7035406197820391
0.7273757679121835
0.7011966790471759
0.7241827385766165
0.7271028314317975
0.7125899536269051
0.6966162264347077
0.7147832546915327
0.7122442747865404
0.7095273358481271
0.6972378075122834
0.6966696875435966
0.7044873765536717
0.6994697076933725
0.693306383064815
0.6900824648993356
0.673853393963405
0.6984011411666871
0.6853252342769078
0.6694271087646484
0.6734115081174034
0.6647924457277571
0.6805578546864646
0.6859769753047398
0.6809443541935511
0.7006370868001666
0.6879822271210807
0.667790572132383
0.6553178710596902
0.6844197681971959
0.6670131930283137
0.6687998541763851
0.6795575065272195
0.6771983231816973
0.6619783622877938
0.6507236736161368
0.6684854916163854
0.6798403578145163
0.6692683560507638
0.682113414151328
0.666421673127583
0.6649960432733808
0.6520487759794508
0.6539403447083064
0.6530109967504228
0.6346428343227931
0.6431812107563019
0.6380768248013088
0.6656889063971383
0.6789032042026519
0.6702212521008083
0.662320498909269
0.6423495709896088
0.6630817566599164
0.6486680243696485
0.6463732165949685
0.6681972622871399
0.662300762959889
0.657218907560621
0.6562209129333496
0.6610377652304513
0.657156559399196
0.6536595898015158
0.6613821710859026
0.6460569943700518
0.6606797294957297
0.6486248978546687
0.6438304560525077
0.6487520464829036
0.6491053002221244
0.6373009196349553
0.6362464087350028
0.6606764878545489
0.6534737271921975
0.643108080966132
0.6322591372898647
0.6227394614900862
0.6388855423246111
0.6262967424733298
0.6414343348571232
0.6306979843548366
0.6288843861648015
0.6428180200713022
0.6335776397160121
0.6214805322034018
0.6452475224222456
0.6575363312448774
0.6458075591496059
0.6684633467878615
0.6165147474833897
0.6257842779159546
0.6056151083537511
0.6450081084455762
0.6104374647140502
0.6161613762378693
0.6339534248624529
0.6220888597624642
0.6220011591911316
0.6360313526221684
0.6256911294800894
0.6475764044693538
0.6214394978114537
0.6197619616985321
0.6326725040163312
0.6353454283305577
0.6321236567837851
0.6373891234397888
0.6116751457963671
0.6356149435043335
0.6407851389476231
0.6365537405014038
0.6492336315768106
0.5996745799268995
0.6138881036213466
0.6063400915690831
0.6074983537197113
0.6111026465892792
0.6292923322745732
0.6087602027824947
0.6250948199204036
0.6289948225021362
0.6283692496163504
0.6292213474001204
0.6216263677392687
0.6221487275191716
0.6108084057058607
0.6022020663533892
0.6101524446691785
0.6173315141882215
0.6255660235881806
0.6227728741509574
0.606982820374625
0.6219809881278446
0.6066272284303392
0.6165104525429862
0.6098447016307286
0.6339906794684274
0.6057705572673253
0.5992779050554548
0.6276163501398904
0.5979300337178367
0.5994677441460746
0.5858411780425481
0.6210223972797394