1.0987697294780185
1.0909414597920009
1.0825005497251239
1.071227434703282
1.06375778062003
1.047602731840951
1.0416551538876124
1.0243502565792628
1.0120746118681772
0.9988027061734881
0.9726588487625122
0.9596079741205488
0.9389590552874973
0.9163357053484236
0.8913988726479667
0.8600645456995283
0.8597169314111982
0.8282438227108546
0.8104823436055865
0.7914516908781869
0.779293235710689
0.7699899366923741
0.7634944183485849
0.768178117275238
0.7399611626352582
0.7279052427836827
0.7396240523883275
0.7066492097718375
0.7097077369689941
0.7145263237612588
0.7082931569644383
0.6968276466642107
0.6681695444243295
0.699071797302791
0.6711555319172996
0.691949302809579
0.678398779460362
0.6627828053065709
0.6758238043103899
0.6673507622310093
0.6548919515950339
0.6596603623458317
0.6595927953720093
0.6443849614688328
0.6628129286425454
0.6664129819188799
0.6491942780358451
0.6576859056949615
0.6444809802940914
0.6459436672074454
0.6521328057561602
0.6654234792504992
0.6273805592741285
0.6356033180441175
0.6448168712002891
0.6511903864996774
0.6372318633965084
0.6408097216061184
0.6196289198739188
0.6471879541873932
0.6436713431562696
0.6363230858530317
0.6373752006462642
0.6169606924057007
0.6280712374619075
0.6504081521715437
0.6330147479261671
0.6321053564548492
0.6334509091717856
0.6306740581989289
0.6242919274738856
0.6029275945254735
0.6230671780450003
0.6274383630071367
0.6408481282847268
0.6099483362265996
0.6026158128465925
0.6187870417322431
0.6115746200084686
0.6274194163935525
0.6163332487855638
0.6157473359789167
0.6067581244877407
0.5980853302138193
0.620989145551409
0.6048260578087398
0.6099514552525112
0.6138199618884496
0.6042378859860557
0.6057163519518716
0.5990579783916473
0.6080695595060076
0.597301344360624
0.5944943368434906
0.6051581008093697
0.5965093765939985
0.5965379297733306
0.5855820800576891
0.6000917519841875
0.6072889472757067
0.6127488732337951
0.5963082773344858
0.605609951700483
0.596758931023734
0.6124409317970276
0.5805427278791155
0.5921023862702506
0.5998837488038199
0.5821034491062165
0.5726534349577768
0.6029827322278704
0.5837038729872023
0.6110267383711678
0.5929919600486755
0.6016982121126992
0.5941925755568913
0.573583939245769
0.6039879364626748
0.5956187767641885
0.575154322385788
0.5975714113031115
0.5832505788121904
0.5922340801783971
0.5897167674132756
0.5845736197062901
0.5913449551377977
0.5834046014717647
0.5803602235657829
0.5942212683813912
0.5935188557420458
0.5815441225256238
0.5936248396124159
0.5636613070964813
0.5673294399465834
0.5695553004741669
0.5627195741449084
0.5708147968564715
0.569593117066792
0.5737446870122637
0.5821270976747785
0.5807378113269805
0.5846851740564619
0.5695266042436872
0.5837051527840751
0.5789297223091125
0.5767566187041147
0.5630469535078321
0.5762935834271568
0.5787800652640206
0.5611657542841775
0.5701205006667546
0.5703255585261754
0.5642660004752023
0.5708998663084848
0.5783858937876565
0.5744553821427482
0.5722024181059429
0.5571486464568547
0.562952950171062
0.5526595056056977
0.5754630122865949
0.5631865807941981
0.5791884694780622
0.5691706010273525
0.5697023630142212
0.563158860376903
0.5788782477378845
0.5680785996573312
0.551981554712568
0.5684204067502703
0.5518118977546692
0.5736578251634326
0.557676009620939
0.5512698071343558
0.5583705025059836
0.585216862814767
0.5645778136593955
0.5736243920666831
0.5665976175240108
0.5459495791367122
0.5723020238535744
0.5689098179340363
0.5516897567680904
0.5640708659376417
0.5438596316746303
0.5564351618289948
0.5536693155765533
0.5367724759238107
0.562351908002581
0.5628303297928401
0.5494201030050005
0.5491127950804574
0.5487013178212302
0.5454986201865333
0.5737581295626504
0.5547623728002821
0.541944306237357
0.5651145466736385
0.5438050610678536
0.557730541910444