38.392857142857146
46.42857142857143
65.17857142857143
75.89285714285714
78.125
78.57142857142857
79.46428571428571
79.46428571428571
79.91071428571429
79.91071428571429
79.91071428571429
80.35714285714286
79.91071428571429
79.91071428571429
79.91071428571429
79.91071428571429
80.35714285714286
80.35714285714286
80.80357142857143
81.69642857142857
80.80357142857143
80.80357142857143
80.80357142857143
80.80357142857143
80.80357142857143
81.25
80.80357142857143
80.35714285714286
80.35714285714286
80.35714285714286
80.35714285714286
80.35714285714286
80.35714285714286
80.35714285714286
80.35714285714286
80.35714285714286
80.35714285714286
79.91071428571429
80.35714285714286
80.80357142857143
80.35714285714286
80.35714285714286
80.35714285714286
80.80357142857143
80.80357142857143
80.80357142857143
81.25
80.80357142857143
80.35714285714286
80.80357142857143
80.80357142857143
81.25
80.80357142857143
80.80357142857143
81.25
80.80357142857143
80.80357142857143
82.14285714285714
81.25
81.25
81.25
81.25
81.69642857142857
81.25
81.69642857142857
81.69642857142857
81.69642857142857
81.69642857142857
81.69642857142857
81.25
81.25
81.69642857142857
80.80357142857143
81.25
81.69642857142857
80.80357142857143
81.69642857142857
80.80357142857143
81.69642857142857
81.25
81.25
81.69642857142857
81.69642857142857
81.25
81.69642857142857
81.69642857142857
80.80357142857143
81.25
81.69642857142857
81.25
80.35714285714286
81.25
81.25
81.25
81.25
81.69642857142857
81.25
81.25
81.25
81.25
81.25
81.25
81.25
80.80357142857143
80.80357142857143
80.80357142857143
80.80357142857143
81.25
81.25
80.80357142857143
81.25
81.25
81.25
80.80357142857143
81.69642857142857
80.80357142857143
80.80357142857143
81.25
80.80357142857143
80.80357142857143
81.69642857142857
80.80357142857143
81.69642857142857
81.25
81.69642857142857
81.25
81.69642857142857
80.80357142857143
82.14285714285714
81.25
80.80357142857143
81.69642857142857
81.69642857142857
81.25
81.69642857142857
81.69642857142857
81.69642857142857
81.69642857142857
81.69642857142857
81.69642857142857
81.69642857142857
81.69642857142857
81.69642857142857
81.69642857142857
81.69642857142857
81.69642857142857
82.14285714285714
81.69642857142857
81.69642857142857
81.69642857142857
81.69642857142857
81.69642857142857
81.69642857142857
81.69642857142857
81.69642857142857
82.14285714285714
81.69642857142857
81.69642857142857
81.69642857142857
82.14285714285714
82.14285714285714
82.14285714285714
82.14285714285714
82.14285714285714
82.14285714285714
82.14285714285714
82.58928571428571
82.14285714285714
81.69642857142857
81.69642857142857
81.69642857142857
82.58928571428571
83.03571428571429
83.03571428571429
82.14285714285714
83.03571428571429
83.03571428571429
81.69642857142857
82.58928571428571
83.03571428571429
82.58928571428571
83.03571428571429
82.58928571428571
82.14285714285714
82.14285714285714
82.58928571428571
82.58928571428571
83.03571428571429
82.58928571428571
82.58928571428571
83.03571428571429
82.58928571428571
83.03571428571429
82.14285714285714
82.58928571428571
82.14285714285714
82.14285714285714
83.03571428571429
82.58928571428571
81.69642857142857