1.0928810698645455
1.0734983376094274
1.0525235789162772
1.0282844492367336
1.001099581377847
0.9711110881396703
0.9356925453458513
0.9002847807747977
0.8616663302694049
0.8240154079028539
0.7826983536992754
0.7479627660342625
0.7166688340050834
0.689325898034232
0.6680132397583552
0.6437262143407549
0.6372023250375475
0.6200397908687592
0.6109627391610827
0.6014159747532436
0.599677870954786
0.5889533741133554
0.5840091219970158
0.5835401977811541
0.5775866661752973
0.5700690082141331
0.5731561754431044
0.5707158088684082
0.5677401687417711
0.5599588760307856
0.5598027748720986
0.5503435441425868
0.547977317231042
0.5515253024441855
0.5494287916592189
0.5548918230193002
0.5551181009837559
0.5508826562336513
0.5432175993919373
0.5401875189372471
0.5471109415803637
0.5356949286801475
0.5379368058272771
0.5376736666475024
0.5359877986567361
0.5405921271869114
0.5292604446411133
0.5380918553897313
0.5288135579654148
0.5324836296694619
0.5346137659890311
0.5330522017819541
0.5288717874458858
0.5265647028173719
0.5226067806993212
0.5204916170665196
0.5231626008238112
0.5273347990853446
0.523436677455902
0.5176469905035836
0.520494327374867
0.5189325068678174
0.5127004989555903
0.5150293690817697
0.5178201241152627
0.5120214836938041
0.5167743819100517
0.5189100197383336
0.5096524247101375
0.5083342790603638
0.5138634886060442
0.5109063157013485
0.5081078844411032
0.5069433220795223
0.5023470435823713
0.5085970801966531
0.5071584169353758
0.5062599011829921
0.501646739244461
0.502915906906128
0.5022142606122153
0.5013170012405941
0.49720356847558705
0.5012750821454185
0.4899746767112187
0.5017469346523284
0.49081049731799536
0.4966443181037903
0.4909711199147361
0.4930738389492035
0.4953789131981986
0.4919620590550559
0.4906366867678506
0.4875332031931196
0.48000040650367737
0.4859613222735269
0.48506801809583394
0.4860793956688472
0.48473789266177586
0.48221605973584314
0.48127729977880207
0.4820143895489829
0.4820061002458845
0.4780300991875785
0.4809007465839386
0.48461014628410337
0.48164373423372
0.47603720852306913
0.4764743958200727
0.4809114626475743
0.47784999353545055
0.47088850821767536
0.47419116369315556
0.47126910601343425
0.47734139731952124
0.4723623607839857
0.47252842230456216
0.47130064538546973
0.4695730260440281
0.46973926084382195
0.47219785537038533
0.46783128210476466
0.46750725933483667
0.46777461086000716
0.4630188175610134
0.4661297095673425
0.4586217224597931
0.45503144434520176
0.4644714691809246
0.46090844699314665
0.4565242545945304
0.45572543995721
0.4539575210639409
0.4582199824707849
0.45943225026130674
0.4534702492611749
0.44799269608088904
0.4577154793909618
0.45616495779582433
0.4568445307867868
0.4533416475568499
0.4520110760416303
0.44976393835885187
0.4411844470671245
0.4487726620265416
0.44988991916179655
0.4471931930099215
0.4453562970672335
0.44518836779253823
0.44469005848680226
0.44957191646099093
0.44380562262875695
0.4468847985778536
0.4474013933113643
0.44265971524374825
0.44147053573812756
0.4397100457123348
0.4363263074840818
0.4383157960006169
0.4374401079756873
0.43400382569858004
0.4402762608868735
0.4402227116482598
0.43406607934406827
0.4352960526943207
0.4383761214358466
0.43523649317877633
0.4330534747668675
0.42787275442055295
0.4325058332511357
0.43403921723365785
0.4346734655754907
0.430769944190979
0.4263832083770207
0.42665637944425855
0.4329790600708553
0.4269921745572771
0.4316674334662301
0.4284885904618672
0.4285465657711029
0.4306430152484349
0.42965967059135435
0.42687231813158305
0.42379552381379265
0.4232557960918972
0.42593397200107574
0.42330537736415863
0.4188847222498485
0.425483027952058
0.4234816542693547
0.41950296120984215
0.41913772097655705
0.4128652185201645
0.41783735922404697
0.4195521857057299
0.42014532472406113
0.4152266425745828
0.41840716430119107
0.4168329779590879
0.41828075008732934