30.80357142857143
33.92857142857143
35.267857142857146
37.5
42.410714285714285
49.107142857142854
54.46428571428571
62.5
65.625
70.08928571428571
73.21428571428571
73.66071428571429
77.23214285714286
78.57142857142857
79.46428571428571
79.91071428571429
79.91071428571429
79.91071428571429
79.46428571428571
79.46428571428571
79.46428571428571
79.46428571428571
79.01785714285714
79.01785714285714
78.57142857142857
78.57142857142857
78.57142857142857
79.01785714285714
78.57142857142857
78.57142857142857
78.57142857142857
78.57142857142857
78.57142857142857
78.57142857142857
79.01785714285714
78.125
78.125
78.57142857142857
78.57142857142857
79.01785714285714
79.46428571428571
78.125
78.125
78.125
79.01785714285714
78.57142857142857
78.125
79.01785714285714
79.01785714285714
78.57142857142857
78.57142857142857
78.125
78.125
79.91071428571429
79.46428571428571
79.46428571428571
79.91071428571429
79.01785714285714
78.125
79.46428571428571
79.46428571428571
79.46428571428571
80.35714285714286
80.35714285714286
80.35714285714286
79.46428571428571
80.35714285714286
80.35714285714286
80.80357142857143
80.35714285714286
80.35714285714286
80.35714285714286
80.80357142857143
80.35714285714286
80.35714285714286
80.35714285714286
81.25
79.91071428571429
79.91071428571429
80.80357142857143
80.35714285714286
79.91071428571429
79.91071428571429
80.35714285714286
79.91071428571429
80.80357142857143
80.35714285714286
79.91071428571429
79.91071428571429
79.91071428571429
79.91071428571429
79.91071428571429
79.91071428571429
80.35714285714286
79.91071428571429
80.35714285714286
80.35714285714286
79.91071428571429
81.25
80.35714285714286
81.25
80.35714285714286
80.35714285714286
80.80357142857143
80.35714285714286
80.80357142857143
80.80357142857143
80.80357142857143
80.35714285714286
80.35714285714286
80.35714285714286
79.91071428571429
80.35714285714286
80.35714285714286
79.91071428571429
80.80357142857143
79.91071428571429
80.35714285714286
80.35714285714286
79.91071428571429
80.35714285714286
80.80357142857143
80.35714285714286
80.80357142857143
80.35714285714286
79.91071428571429
80.35714285714286
80.35714285714286
80.80357142857143
80.80357142857143
80.80357142857143
80.35714285714286
79.91071428571429
79.91071428571429
80.80357142857143
79.46428571428571
80.35714285714286
80.35714285714286
79.91071428571429
80.35714285714286
80.80357142857143
80.35714285714286
80.80357142857143
80.35714285714286
80.35714285714286
80.80357142857143
81.25
80.35714285714286
79.91071428571429
80.35714285714286
80.35714285714286
81.25
80.35714285714286
80.80357142857143
79.91071428571429
79.91071428571429
80.35714285714286
80.80357142857143
80.80357142857143
80.80357142857143
80.80357142857143
79.91071428571429
80.80357142857143
80.35714285714286
80.35714285714286
80.80357142857143
80.35714285714286
80.80357142857143
81.25
80.80357142857143
80.80357142857143
80.35714285714286
80.80357142857143
80.35714285714286
80.35714285714286
80.80357142857143
80.80357142857143
80.35714285714286
80.35714285714286
80.35714285714286
80.35714285714286
79.91071428571429
80.35714285714286
79.91071428571429
80.80357142857143
79.91071428571429
80.35714285714286
79.91071428571429
79.91071428571429
80.35714285714286
80.35714285714286
80.35714285714286
80.35714285714286
79.91071428571429
80.35714285714286
79.91071428571429
80.80357142857143
80.35714285714286
80.35714285714286
80.35714285714286