1.099994090625218
1.0953535965510777
1.0900815759386335
1.084032314164298
1.0813163076128278
1.0729215962546212
1.0732646124703544
1.0662527765546526
1.062950437409537
1.0605702161788941
1.050123497417995
1.0497052022389004
1.04386899130685
1.0396747078214372
1.032298687526158
1.0204075813293456
1.0247867277690343
1.013417863845825
1.0091961315699987
1.0021042261804853
0.989557979788099
0.9864530750683376
0.9796718801770892
0.9771776267460415
0.9641810212816511
0.9505173734256199
0.9538600632122585
0.9325626986367362
0.9268226078578404
0.9216365967478071
0.9089834077017648
0.9012416294642858
0.882818181174142
0.8847885421344213
0.8679413301604134
0.8677217977387565
0.8580794879368373
0.8416341236659459
0.8388247541018895
0.8350140009607587
0.8227201972688948
0.8159136244228908
0.8122368965830121
0.7941725833075387
0.8026596256664821
0.8067953654697964
0.7926400354930333
0.7944323880331857
0.7845255732536316
0.7741028087479728
0.7756984097617013
0.7805160811969212
0.7558350256511144
0.7594612496239799
0.7612737911088127
0.7633740901947021
0.7587476338659014
0.7560867530958993
0.7427511998585292
0.7551791531699045
0.7525929093360901
0.7430699757167272
0.7543187754494803
0.7331474815096174
0.7427027480942863
0.7523648466382707
0.7422686236245292
0.7466666425977434
0.7415209259305682
0.7354876382010324
0.7324144755090986
0.7244000894682748
0.7267591033663069
0.732327231339046
0.7393112931932722
0.720308654648917
0.7152354070118495
0.727433340890067
0.7134398204939706
0.73118485723223
0.7266420534678868
0.7238050103187561
0.7124603118215288
0.708725529057639
0.7189389688628061
0.7122865949358259
0.7159855927739824
0.7192392655781337
0.7076577969959804
0.7164014748164585
0.7048419782093593
0.7245578135762896
0.7043011597224644
0.7054075973374503
0.7044845393725804
0.7044479863984244
0.7001176527568272
0.6971291184425354
0.7084997722080776
0.707736941746303
0.713719870362963
0.7018107942172459
0.6985899465424674
0.6969901016780309
0.7042050548962184
0.6923413259642465
0.7001988342830113
0.7029472214835031
0.6944647141865321
0.6919086558478219
0.7095261658940997
0.6892277325902666
0.7102027722767421
0.6979754447937012
0.7034605928829738
0.6892366341182163
0.690211318220411
0.7003316232136317
0.6951333488736834
0.6808405143874032
0.7010345561163766
0.6974450843674797
0.6993123275893075
0.6912223253931318
0.7011541315487453
0.7038820028305054
0.6984193563461304
0.6933216801711491
0.6981797405651637
0.7005448290279933
0.6897012148584638
0.7033003432410104
0.6879375849451338
0.679726779460907
0.6878022977284023
0.6783764175006322
0.6897897720336914
0.6835066318511963
0.6856666360582624
0.691630551644734
0.6977985841887338
0.6934186152049473
0.6915110996791295
0.6926259449550084
0.6905545822211674
0.6888446927070617
0.6828161461012704
0.6949587123734611
0.6892775569643294
0.6857347607612609
0.6846275414739337
0.6863202929496766
0.6842105678149633
0.6877929925918579
0.6980166111673628
0.6918745040893555
0.6903808304241725
0.6885292112827301
0.6867974621909005
0.6800969234534673
0.6865720799991063
0.6810931657041822
0.6922110029629298
0.6868257199014937
0.6904663205146789
0.6889223405293056
0.6891461287225996
0.6863826904978071
0.6759401610919408
0.6899690338543483
0.6789896368980408
0.6916612029075623
0.680430269241333
0.6833068498543331
0.682491591998509
0.6947168758937291
0.6879952737263271
0.6906703676496233
0.6877995865685599
0.6785728812217713
0.6872794083186559
0.7001922164644514
0.6861994419779096
0.6872159089360919
0.6749067987714495
0.6817760212080819
0.679441579750606
0.6740683274609702
0.6903006936822619
0.6894137331417629
0.6812329939433507
0.67943012544087
0.6822130160672324
0.6785298654011318
0.688186035837446
0.679951514516558
0.6842504109655108
0.6840788228171212
0.6825660671506609
0.6754802618707929