33.035714285714285
37.94642857142857
43.30357142857143
50.44642857142857
62.94642857142857
67.41071428571429
74.10714285714286
75.44642857142857
78.57142857142857
78.125
79.01785714285714
79.46428571428571
79.46428571428571
79.46428571428571
79.46428571428571
79.46428571428571
79.01785714285714
79.46428571428571
79.01785714285714
79.01785714285714
79.01785714285714
78.57142857142857
79.46428571428571
78.57142857142857
79.01785714285714
79.01785714285714
79.91071428571429
79.46428571428571
79.01785714285714
79.46428571428571
79.91071428571429
79.46428571428571
80.35714285714286
79.46428571428571
79.91071428571429
79.91071428571429
80.35714285714286
80.80357142857143
79.91071428571429
79.91071428571429
80.35714285714286
81.25
81.25
81.25
81.25
80.80357142857143
81.69642857142857
80.80357142857143
80.80357142857143
81.25
80.35714285714286
82.14285714285714
81.25
80.80357142857143
81.69642857142857
82.14285714285714
80.80357142857143
82.14285714285714
81.69642857142857
81.69642857142857
80.80357142857143
80.80357142857143
81.25
81.25
81.25
81.25
81.25
81.25
81.25
81.25
81.25
81.25
81.69642857142857
81.69642857142857
81.25
81.69642857142857
82.14285714285714
81.69642857142857
81.25
81.25
81.25
80.80357142857143
81.69642857142857
82.14285714285714
81.25
82.14285714285714
81.25
81.25
81.25
81.69642857142857
81.25
81.25
81.25
82.14285714285714
82.14285714285714
81.69642857142857
81.69642857142857
81.69642857142857
82.14285714285714
82.14285714285714
82.14285714285714
82.14285714285714
82.14285714285714
82.14285714285714
82.14285714285714
82.14285714285714
82.14285714285714
82.14285714285714
81.69642857142857
81.69642857142857
81.69642857142857
82.14285714285714
82.14285714285714
82.14285714285714
82.14285714285714
82.14285714285714
82.14285714285714
82.14285714285714
82.14285714285714
82.14285714285714
82.14285714285714
82.14285714285714
82.14285714285714
82.14285714285714
82.14285714285714
82.14285714285714
81.69642857142857
81.69642857142857
81.69642857142857
81.69642857142857
81.69642857142857
81.69642857142857
82.14285714285714
81.69642857142857
81.69642857142857
81.69642857142857
81.69642857142857
82.14285714285714
82.14285714285714
82.14285714285714
81.69642857142857
81.69642857142857
81.69642857142857
81.69642857142857
82.14285714285714
81.69642857142857
81.69642857142857
81.69642857142857
81.69642857142857
81.69642857142857
81.69642857142857
81.69642857142857
81.69642857142857
81.69642857142857
81.69642857142857
81.69642857142857
81.69642857142857
81.25
81.69642857142857
81.25
81.25
81.69642857142857
81.69642857142857
81.69642857142857
82.14285714285714
82.14285714285714
81.25
81.25
81.69642857142857
81.25
81.25
81.25
81.25
81.25
81.25
81.25
81.25
81.25
81.69642857142857
81.69642857142857
81.69642857142857
81.69642857142857
82.14285714285714
81.69642857142857
81.69642857142857
81.69642857142857
82.14285714285714
82.14285714285714
82.14285714285714
81.69642857142857
81.69642857142857
81.69642857142857
82.58928571428571
82.58928571428571
82.14285714285714
82.58928571428571
82.58928571428571
81.25
81.25
81.25