1.098767283984593
1.0909200191497803
1.0824355500085012
1.071082431929452
1.0635653734207153
1.0472742625645228
1.0412081650325231
1.0237794177872794
1.0113708410944258
0.9979989307267325
0.9715268560818263
0.9582542317254202
0.9375420791762216
0.9145868148122515
0.8894095999853951
0.8580119354384286
0.8575113347598484
0.825551164150238
0.8085123760359628
0.7899949193000794
0.7777786970138549
0.7692633373396737
0.7626354353768485
0.7673662321908133
0.7399091788700649
0.727368540423257
0.7392285295895168
0.7085959894316537
0.7094400593212673
0.7136876557554518
0.7081121138163975
0.6984501089368548
0.6687709093093872
0.6999458236353738
0.6710557690688542
0.6920927132878985
0.67959965467453
0.6634877341134208
0.6774041754858834
0.6670578667095729
0.6560320998941149
0.6606215740953173
0.6602589658328465
0.6447132996150425
0.662748213325228
0.6674243697098323
0.6520581756319318
0.6563724441187723
0.6443244252886091
0.6468033109392438
0.6522482250417981
0.6650772699287959
0.6276419179780143
0.6359431547777993
0.645841360943658
0.6509171102728163
0.6371088002409254
0.639569103717804
0.6211257117135184
0.646980585370745
0.6448048438344683
0.6359721745763506
0.635911751644952
0.6188024273940496
0.629453593492508
0.6501786759921483
0.6333107096808297
0.6330062142440251
0.6334447511604854
0.6313148064272744
0.6236142788614546
0.6016475311347417
0.6240629519735064
0.6266874534743173
0.6399192435400827
0.609607241834913
0.6036096666540418
0.6178908169269561
0.609757502589907
0.6267711971487318
0.6148502698966435
0.6159662110464913
0.6078618049621582
0.5986642028604235
0.6206567227840424
0.6036846331187657
0.6093385057789938
0.6168376292501178
0.6040758226599012
0.6049401794161116
0.6002304536955697
0.6086032773767199
0.5947173178195954
0.5894816032477788
0.6032830859933581
0.5975176930427551
0.5929914491517203
0.5851099039827075
0.598327260357993
0.6083997530596597
0.6100980809756688
0.5967848019940513
0.6053282916545868
0.596354045186724
0.6106110104492732
0.5792248112814767
0.5928791735853468
0.5995724524770464
0.5794818597180503
0.572684063230242
0.6005631642682212
0.5818663213934218
0.61039263350623
0.5935082256793975
0.5987636983394623
0.5919947751930782
0.5730954962117332
0.6033190625054495
0.5957415887287685
0.5746674426964351
0.5938583953039986
0.5831975400447845
0.5905067767415728
0.5873995610645839
0.5828770978110177
0.5892249269144876
0.5842467308044433
0.578377913577216
0.5923704283578055
0.5908854407923562
0.5818965060370309
0.59360499892916
0.561716274704252
0.5650561026164463
0.5673607357910702
0.5618745820862906
0.5683570912906102
0.5684609813349587
0.5679136199610574
0.5810586597238269
0.5773068112986428
0.582003366947174
0.5677963546344212
0.5801195876938956
0.5768578222819737
0.5743263738495963
0.5614685961178371
0.5754243416445596
0.575030232327325
0.5588000212396894
0.5691977517945426
0.5686181800706046
0.5587756642273494
0.5703364321163722
0.5748149011816297
0.5708557418414525
0.5710080772638321
0.5527337278638568
0.5621222998414721
0.5532296189240047
0.5717545986175537
0.5580115582261767
0.574613471542086
0.5682765024048941
0.568720999785832
0.559062728711537
0.575471362045833
0.5661557563713618
0.5497788625104086
0.567541937317167
0.5459403642586299
0.5706744066306523
0.554877405507224
0.547996312379837
0.5554756666932787
0.5832784422806331
0.5617961381162916
0.5688821988446372
0.5644513002463749
0.5435027854783194
0.5684794587748391
0.566456150157111
0.547371199301311
0.5616067801203046
0.5469209236758096
0.5557793072291783
0.5499479421547481
0.5336774723870413
0.5569936462811061
0.5623274368899209
0.5468657008239202
0.5453274445874351
0.5488901708807264
0.5421291095869881
0.5669960056032454
0.5524651646614075
0.5379896683352334
0.5636277956621988
0.5387564165251596
0.5517292814595359